0
2.68889
2.42222
0.777778
0.611111
0.722222
0.877778
2.77778
0.7
0.611111
0.633333
2.96667
2.1
1.12222
0.688889
2.77778
0.8
0.488889
0.733333
0.733333
0.511111
0.833333
2.42222
0.466667
0.366667
0.7
1.42222
0.677778
0.511111
1.08889
1.76667
0.488889
0.588889
2.52222
0.666667
0.888889
0.611111
0.522222
2.37778
0.777778
2.63333
0.533333
0.677778
2.3
0.766667
0.666667
1.85556
0.5
0.655556
0.7
0.844444
1.13333
0.322222
0.666667
0.844444
2.53333
1.24444
0.488889
0.933333
0.722222
2.36667
0.688889
0.6
2.44444
0.5
0.755556
0.733333
0.644444
0.777778
0.777778
0.622222
0.577778
2.83333
0.666667
0.666667
0.655556
0.688889
1.37778
2.28889
2.81111
0.8
2.45556
0.544444
0.644444
0.6
0.722222
2.52222
0.788889
0.744444
0.9
0.644444
0.788889
0.711111
2.2
1.06667
2.31111
0.644444
0.577778
0.622222
0.766667
2.46667
0.688889
0.777778
2.11111
0.744444
0.577778
2.5
0.733333
0.622222
0.6
0.9
0.766667
2.64444
0.655556
2.71111
0.777778
2.54444
0.588889
0.722222
0.766667
0.666667
0.655556
0.777778
0.644444
0.588889
0.6
3.16667
0.744444
2.14444
0.755556
0.655556
0.655556
0.844444
0.777778
0.744444
2.4
0.666667
0.566667
0.566667
0.622222
0.577778
0.766667
2.5
0.411111
0.911111
0.933333
2.22222
3.16667
0.733333
2.54444
1.02222
0.777778
0.633333
2.54444
2.74444
0.822222
0.6
0.666667
0.577778
0.711111
0.622222
2.08889
0.577778
0.788889
0.444444
2.5
2.4
0.722222
0.955556
0.6
0.688889
1.34444
0.7
0.811111
0.588889
0.966667
0.622222
0.411111
2.41111
0.866667
2.17778
0.8
2.37778
0.622222
0.655556
0.555556
0.488889
0.733333
0.588889
2.58889
0.655556
1.24444
0.666667
0.444444
0.822222
0.977778
0.644444
0.766667
2.55556
2.13333
0.555556
2.71111
0.644444
0.477778
2.52222
0.677778
0.555556
0.644444
2.71111
0.577778
0.755556
0.788889
0.733333
0.577778
0.722222
2.47778
0.866667
0.6
2.17778
0.566667
0.533333
1.13333
0.688889
2.55556
0.566667
0.544444
0.677778
0.6
0.755556
2.66667
0.622222
1.01111
0.511111
0.722222
0.755556
2.27778
0.655556
0.677778
0.744444
0.633333
1.04444
1.02222
0.811111
0.644444
0.644444
2.56667
0.4
0.455556
0.788889
0.644444
0.822222
0.877778
0.588889
0.722222
0.844444
0.877778
0.677778
0.688889
0.8
0.555556
0.477778
0.744444
0.644444
0.577778
0.777778
0.722222
2.22222
2.52222
0.522222
1
0.577778
0.655556
0.722222
1.55556
0.7
2.57778
0.5
2.53333
2.82222
0.466667
0.644444
0.688889
0.766667
0.8
0.488889
0.622222
0.888889
2.5
0.4
0.666667
0.588889
0.866667
0.6
0.744444
0.544444
0.444444
0.433333
0.6
2.76667
2.76667
0.466667
0.6
0.666667
0.511111
0.7
0.844444
0.766667
1.48889
1.07778
0.666667
0.466667
2.35556
0.633333
0.733333
0.933333
1.02222
0.866667
0.866667
0.6
0.822222
0.633333
0.488889
2.34444
2.63333
0.588889
2.46667
0.566667
0.611111
0.888889
0.688889
0.788889
0.666667
0.755556
0.611111
1.02222
0.688889
0.533333
2.11111
2.41111
0.5
0.7
0.522222
2.12222
0.733333
1.03333
1.06667
2.64444
0.8
0.366667
1.95556
0.811111
0.988889
0.822222
0.611111
0.522222
0.766667
0.933333
0.711111
0.9
2.05556
0.8
2.84444
0.911111
0.866667
0.711111
0.566667
0.766667
0.688889
0.733333
0.8
0.877778
0.777778
2.76667
0.711111
0.788889
2.71111
0.733333
0.944444
0.811111
0.888889
0.833333
2.87778
0.588889
0.833333
2.31111
2.93333
0.511111
0.533333
0.633333
0.844444
2.71111
0.788889
0.677778
0.533333
0.555556
0.477778
0.566667
0.733333
0.922222
2.68889
0.611111
0.688889
0.833333
0.677778
0.511111
0.755556
0.6
2.42222
2.23333
0.511111
0.466667
0.655556
0.766667
2.12222
0.877778
2.83333
0.988889
0.566667
0.9
0.7
0.611111
0.5
0.688889
0.666667
0.611111
0.711111
0.522222
0.444444
0.844444
2.64444
0.533333
0.577778
0.877778
0.566667
0.6
0.688889
0.833333
0.711111
0.866667
0.777778
0.655556
0.711111
0.866667
1.96667
0.6
0.611111
2.96667
0.6
0.7
0.755556
0.688889
0.788889
0.666667
0.644444
0.633333
0.644444
0.722222
0.611111
0.766667
0.455556
0.788889
0.766667
2.76667
0.477778
0.7
1.96667
2.67778
2.54444
1.01111
0.577778
0.611111
2.51111
0.555556
2.63333
0.577778
2.64444
1
0.722222
0.811111
0.833333
0.655556
0.8
0.566667
0.8
2.97778
0.611111
0.844444
0.788889
1.21111
0.622222
1.01111
0.788889
0.622222
0.666667
0.644444
0.666667
0.911111
0.733333
0.588889
0.733333
0.811111
0.577778
0.5
1.88889
0.7
0.677778
0.688889
0.988889
0.7
0.755556
1.25556
0.488889
0.777778
0.766667
2.98889
0.811111
0.755556
0.933333
0.511111
0.922222
0.6
0.966667
0.933333
1.12222
2.62222
2.66667
1.83333
0.744444
0.8
2.81111
0.9
0.744444
0.844444
0.688889
0.655556
0.7
2.58889
0.877778
0.666667
0.555556
0.611111
0.766667
0.588889
0.744444
0.8
0.733333
0.744444
0.7
1.42222
1.3
0.666667
0.766667
2.52222
2.88889
0.844444
2.88889
0.955556
1
2.75556
0.811111
1.37778
2.02222
0.655556
2.46667
0.633333
0.633333
0.577778
1.16667
1.03333
0.544444
0.644444
0.7
0.655556
0.766667
2.78889
0.644444
0.855556
0.811111
2.97778
0.766667
0.844444
2.57778
0.555556
0.733333
0.6
0.677778
2.52222
2.97778
2.02222
2.6
0.755556
0.5
0.688889
0.6
0.511111
0.7
2.54444
0.788889
0.533333
1.11111
0.788889
0.466667
2.75556
0.577778
0.7
0.588889
0.622222
0.544444
2.73333
0.977778
0.566667
0.788889
2.51111
0.722222
0.877778
0.877778
0.722222
0.644444
0.555556
0.744444
0.511111
0.722222
2.61111
3.25556
0.533333
0.7
2.42222
2.73333
0.822222
2.68889
0.511111
0.911111
0.7
0.611111
0.588889
0.988889
1.27778
0.655556
1.44444
0.5
0.688889
0.7
0.766667
0.777778
0.644444
0.555556
0.833333
2.63333
0.811111
1.94444
0.933333
0.633333
0.766667
0.9
0.922222
0.5
1.82222
0.988889
1.05556
0.511111
0.833333
0.488889
0.677778
0.833333
0.988889
0.511111
0.788889
0.677778
0.744444
0.766667
1.53333
0.711111
0.588889
2.45556
0.555556
0.666667
0.722222
2.92222
2.32222
0.633333
0.955556
0.544444
2.02222
0.8
0.866667
0.511111
0.8
0.944444
0.588889
0.722222
0.711111
0.6
0.622222
0.6
1.7
0.933333
2.48889
0.555556
0.677778
0.555556
0.755556
0.644444
0.733333
0.577778
0.666667
0.788889
0.566667
0.711111
1.04444
2.66667
0.822222
0.7
1.16667
2.31111
0.633333
0.633333
0.688889
2.86667
3.12222
2.6
2.91111
0.688889
0.577778
0.6
0.644444
2.96667
0.933333
0.488889
0.655556
2.41111
0.755556
0.688889
2.52222
0.588889
0.611111
0.577778
0.855556
0.644444
2.37778
0.744444
0.822222
0.488889
0.655556
0.777778
2.13333
1.13333
2.41111
1.92222
0.588889
0.8
2.08889
1.07778
0.766667
0.733333
2.08889
0.633333
0.766667
2.62222
0.766667
1.98889
2.66667
0.877778
0.955556
0.688889
0.877778
0.777778
0.544444
2.87778
0.855556
2.06667
2
0.644444
2.76667
1.01111
2.36667
0.722222
0.777778
0.788889
0.455556
0.477778
0.622222
2.43333
0.611111
0.722222
0.644444
0.544444
0.433333
2.55556
0.477778
0.877778
2.66667
0.644444
0.733333
1.9
0.622222
3.37778
0.866667
0.666667
1.03333
0.666667
0.811111
0.655556
0.588889
0.544444
0.666667
0.588889
0.755556
0.644444
0.633333
0.711111
1
2.58889
0.611111
0.7
1.06667
0.744444
2.74444
0.644444
0.811111
0.855556
0.788889
0.577778
0.655556
0.922222
0.733333
0.577778
1.8
0.6
0.611111
0.588889
0.744444
1.97778
2.63333
0.666667
1.07778
3.34444
0.844444
0.855556
0.777778
1.2
0.622222
2.61111
0.522222
0.688889
2.36667
0.733333
0.555556
0.755556
0.611111
0.477778
0.611111
2.63333
0.844444
2.33333
3.12222
0.788889
2.5
0.466667
0.711111
0.655556
0.844444
0.722222
1.01111
0.911111
0.555556
1.56667
0.933333
0.577778
0.833333
0.8
0.466667
0.555556
0.744444
0.522222
1.04444
0.588889
0.466667
0.611111
0.577778
0.866667
0.888889
0.688889
0.633333
2.67778
0.588889
1.23333
2.55556
0.711111
0.677778
0.944444
0.988889
0.666667
1.1
1.21111
0.877778
0.7
0.511111
0.655556
0.677778
0.766667
0.611111
0.711111
0.866667
0.766667
0.522222
0.544444
0.811111
0.544444
1.18889
2.37778
2.08889
0.611111
0.677778
0.744444
1.02222
0.9
2.63333
0.555556
0.788889
2.43333
0.788889
0.533333
1.1
0.666667
0.7
2.96667
1.75556
0.522222
0.644444
0.866667
2.64444
0.788889
2.3
1.01111
0.755556
0.7
0.622222
0.577778
0.611111
0.588889
2.13333
0.688889
1.53333
0.833333
0.566667
0.9
0.522222
0.433333
0.655556
0.466667
0.733333
0.766667
0.944444
0.588889
0.655556
0.766667
0.677778
0.955556
0.544444
0.477778
0.722222
0.777778
0.644444
0.488889
0.788889
0.7
0.388889
0.611111
2.88889
0.877778
0.933333
0.566667
0.544444
0.866667
2.36667
0.511111
2.51111
0.855556
2.28889
0.488889
0.488889
0.677778
2.68889
0.644444
0.611111
1.38889
0.477778
0.9
0.433333
2.4
0.844444
0.511111
0.644444
0.777778
0.688889
0.744444
0.644444
0.666667
1.98889
0.644444
