0
0.7
0.544444
0.777778
0.555556
0.5
0.855556
0.655556
0.922222
0.555556
0.666667
0.755556
0.766667
0.555556
0.5
0.788889
0.588889
0.7
0.611111
0.533333
0.577778
0.444444
0.633333
0.955556
0.7
0.522222
0.522222
0.777778
0.711111
0.722222
0.566667
0.544444
0.466667
0.488889
0.777778
2.35556
0.633333
0.744444
0.577778
0.711111
0.511111
0.744444
0.855556
0.8
1.18889
0.533333
0.6
0.822222
0.855556
0.722222
2.62222
0.611111
0.8
0.522222
0.622222
0.755556
0.655556
0.822222
0.577778
0.544444
0.544444
0.5
0.955556
0.577778
0.666667
0.688889
0.933333
0.722222
0.544444
0.5
0.733333
2.07778
0.622222
0.7
0.755556
0.555556
0.922222
0.755556
0.444444
0.666667
0.744444
0.788889
0.6
0.622222
0.744444
0.688889
0.444444
0.577778
0.7
0.633333
0.566667
0.588889
0.5
0.622222
0.633333
0.655556
0.644444
0.5
0.555556
0.544444
0.611111
1.01111
0.611111
0.5
0.966667
0.677778
0.566667
0.744444
0.533333
0.611111
0.422222
0.822222
0.788889
0.644444
0.577778
2.18889
0.477778
0.855556
0.7
0.511111
0.711111
0.888889
0.766667
0.522222
0.588889
0.611111
0.633333
0.866667
0.888889
0.722222
0.644444
0.666667
1.08889
0.577778
0.544444
0.844444
0.666667
0.855556
0.766667
0.855556
0.488889
0.833333
0.655556
0.533333
0.8
0.6
0.666667
0.677778
0.744444
0.544444
0.488889
2.71111
0.644444
0.6
0.611111
0.388889
0.722222
0.544444
0.544444
0.488889
0.755556
0.6
0.844444
0.788889
0.577778
0.766667
0.611111
0.655556
0.877778
0.688889
0.622222
0.7
0.711111
0.9
1.4
0.722222
0.755556
0.811111
0.555556
0.611111
0.677778
0.9
0.611111
0.666667
0.544444
0.6
0.477778
0.455556
0.644444
1.04444
0.711111
0.488889
0.644444
0.522222
0.777778
0.811111
0.666667
0.644444
1.76667
0.722222
0.666667
0.588889
0.577778
0.522222
0.877778
0.633333
0.788889
0.777778
0.855556
0.455556
0.566667
0.688889
0.555556
0.577778
0.533333
0.911111
0.966667
0.622222
0.677778
0.822222
0.766667
0.755556
0.5
0.666667
0.966667
0.6
0.844444
0.6
0.6
0.633333
0.733333
0.755556
0.788889
0.933333
0.566667
0.822222
0.944444
0.644444
0.755556
2.5
0.688889
0.633333
0.655556
0.711111
0.611111
0.7
0.888889
0.822222
0.644444
0.566667
0.5
0.533333
0.977778
0.466667
0.833333
0.733333
0.511111
0.511111
0.922222
0.588889
0.466667
0.811111
0.755556
0.633333
0.966667
0.577778
0.888889
0.577778
0.611111
1.41111
0.633333
0.655556
0.844444
0.611111
0.766667
0.844444
0.755556
0.566667
2.44444
0.688889
0.566667
2.3
0.833333
0.555556
0.6
0.988889
2.52222
0.544444
2.45556
0.688889
0.666667
0.622222
0.488889
0.666667
0.444444
0.888889
0.411111
0.6
0.688889
0.6
0.777778
2.31111
0.633333
0.633333
0.833333
0.5
0.744444
0.711111
0.433333
0.666667
2.14444
0.577778
0.533333
0.644444
0.677778
0.733333
0.633333
0.533333
0.544444
0.733333
0.744444
0.788889
0.644444
0.555556
0.844444
0.544444
0.7
0.6
0.611111
0.711111
0.766667
0.688889
1.98889
0.633333
0.744444
0.611111
0.744444
0.777778
0.677778
0.855556
0.533333
0.844444
0.544444
0.6
0.433333
0.711111
0.7
0.877778
0.766667
0.722222
0.811111
0.822222
0.655556
0.944444
0.944444
0.733333
0.822222
0.766667
0.544444
0.4
0.722222
0.811111
0.822222
0.477778
1.03333
0.688889
0.733333
0.677778
0.555556
0.611111
0.622222
0.855556
0.622222
0.611111
0.6
0.755556
0.877778
0.755556
0.744444
0.755556
0.533333
0.511111
0.811111
0.755556
1.2
0.655556
0.788889
0.677778
0.488889
0.511111
0.455556
0.644444
1.02222
1.38889
0.777778
0.611111
0.888889
0.644444
0.622222
0.633333
0.888889
0.5
0.688889
0.633333
0.644444
0.633333
0.688889
0.622222
0.622222
0.555556
0.566667
0.566667
0.933333
0.722222
0.422222
0.6
0.744444
0.644444
0.777778
0.611111
0.677778
0.544444
0.488889
0.633333
0.766667
0.644444
1.11111
0.811111
0.588889
0.633333
1.16667
0.6
2.38889
0.733333
0.666667
0.4
0.477778
0.888889
1
0.611111
0.822222
0.522222
0.911111
0.688889
0.9
0.811111
0.644444
0.688889
0.888889
0.7
0.611111
0.733333
0.644444
0.622222
0.744444
1
1.08889
1.81111
0.633333
0.644444
0.644444
0.633333
0.744444
2.65556
0.822222
0.688889
0.733333
0.588889
1.01111
0.711111
0.744444
0.666667
0.622222
0.644444
0.688889
0.733333
0.666667
0.744444
0.577778
0.666667
0.566667
0.611111
1.73333
2.52222
0.433333
0.666667
0.544444
0.788889
0.533333
0.566667
0.822222
0.711111
0.711111
0.688889
0.6
0.688889
0.566667
0.666667
0.622222
0.588889
0.455556
0.9
0.588889
0.466667
0.455556
0.544444
0.655556
0.822222
0.644444
0.811111
0.488889
0.622222
0.655556
0.722222
2.87778
0.822222
0.788889
0.655556
0.622222
2.5
0.555556
0.644444
0.655556
0.677778
0.788889
0.655556
0.855556
0.677778
0.588889
0.577778
0.688889
0.911111
0.544444
0.811111
0.577778
0.644444
0.977778
0.911111
0.611111
0.6
0.622222
0.644444
0.577778
0.733333
1.14444
0.611111
0.7
0.844444
0.888889
1.06667
0.688889
2.48889
0.644444
0.611111
0.544444
0.566667
0.822222
0.744444
0.777778
0.722222
0.655556
0.533333
0.544444
0.622222
0.922222
2.8
0.7
0.633333
0.588889
0.655556
0.522222
0.666667
1.33333
0.755556
0.755556
0.666667
0.611111
0.522222
0.511111
0.711111
0.622222
0.477778
0.644444
0.488889
0.711111
0.488889
0.866667
0.533333
0.522222
0.622222
0.9
0.555556
0.8
0.688889
0.777778
0.555556
0.688889
0.555556
0.511111
0.766667
0.744444
0.666667
0.566667
0.877778
0.433333
0.477778
0.6
0.577778
0.655556
0.755556
0.888889
0.688889
0.733333
0.722222
0.644444
0.711111
0.744444
0.644444
0.633333
0.644444
0.766667
0.7
2.96667
0.622222
0.611111
0.622222
0.666667
0.711111
2.4
0.866667
0.688889
0.6
0.622222
1.47778
0.477778
0.666667
0.633333
0.811111
0.6
0.633333
1.52222
2.33333
0.944444
0.7
0.966667
0.977778
0.488889
0.722222
0.588889
0.522222
1.05556
0.522222
2.96667
0.522222
0.533333
0.755556
0.633333
0.6
0.822222
0.688889
0.433333
0.622222
0.644444
0.733333
0.688889
0.588889
0.733333
0.544444
0.688889
0.577778
0.6
0.544444
0.544444
0.755556
0.855556
0.466667
0.733333
0.533333
0.811111
0.6
0.855556
0.733333
0.522222
0.533333
0.588889
0.477778
0.711111
0.522222
0.433333
0.555556
0.722222
0.755556
0.733333
0.733333
0.611111
0.566667
0.655556
0.777778
0.6
0.888889
0.9
0.688889
0.677778
0.677778
0.722222
0.433333
0.722222
0.755556
0.622222
0.722222
0.444444
0.622222
0.933333
0.711111
0.622222
0.8
0.433333
0.555556
0.555556
0.588889
0.544444
0.588889
0.6
0.711111
0.711111
1.45556
0.622222
0.6
0.644444
0.588889
0.722222
1.17778
0.944444
0.588889
0.744444
1.06667
0.711111
0.788889
0.866667
0.933333
0.711111
0.633333
0.655556
0.633333
0.555556
0.555556
0.766667
0.877778
0.5
0.655556
0.622222
0.533333
0.688889
0.688889
0.488889
0.755556
0.822222
0.788889
0.611111
0.466667
0.988889
0.555556
0.555556
0.777778
0.588889
0.611111
0.588889
0.666667
0.677778
0.877778
0.555556
0.7
0.688889
0.811111
0.688889
0.744444
0.7
0.7
0.655556
0.622222
0.466667
0.855556
1
0.711111
0.466667
0.644444
0.577778
0.533333
0.711111
0.744444
0.844444
0.555556
0.6
0.644444
0.766667
0.9
0.8
0.644444
0.722222
0.622222
0.911111
0.922222
0.677778
0.788889
0.855556
0.755556
1
0.933333
0.466667
0.611111
0.644444
0.633333
1.04444
0.677778
0.877778
0.577778
0.755556
0.755556
0.733333
0.533333
0.755556
0.655556
0.866667
0.588889
0.588889
0.788889
0.8
0.666667
0.477778
0.477778
0.477778
0.577778
0.955556
0.477778
0.644444
0.522222
0.677778
0.611111
0.844444
0.733333
0.677778
0.577778
0.8
0.555556
0.766667
0.688889
0.711111
0.8
0.6
1.03333
0.777778
0.577778
0.688889
0.544444
0.755556
0.577778
0.7
0.844444
0.566667
0.677778
0.466667
0.533333
0.611111
0.622222
0.633333
0.588889
0.588889
0.644444
0.644444
0.733333
0.555556
0.911111
0.711111
0.7
0.611111
0.655556
2.45556
0.822222
0.6
0.844444
0.522222
0.722222
0.755556
0.688889
0.511111
0.566667
0.944444
0.688889
0.855556
0.633333
0.511111
2.18889
0.633333
0.555556
0.588889
0.666667
0.711111
0.644444
0.511111
1.02222
0.555556
0.688889
0.477778
0.477778
0.466667
0.744444
0.777778
0.566667
0.6
0.733333
0.888889
0.7
0.644444
0.6
0.644444
0.455556
0.888889
0.588889
0.588889
0.544444
0.544444
1.08889
0.688889
0.588889
0.677778
0.566667
0.511111
0.522222
0.811111
0.688889
0.855556
0.655556
0.6
0.477778
0.511111
0.7
0.511111
0.444444
0.633333
0.666667
0.977778
0.522222
0.588889
0.688889
0.444444
0.522222
0.622222
0.6
0.566667
0.633333
0.622222
0.677778
0.5
0.566667
0.6
0.622222
0.688889
0.644444
0.822222
0.566667
0.622222
0.533333
0.611111
0.811111
0.522222
0.6
0.577778
0.433333
0.422222
0.711111
0.888889
0.677778
0.711111
0.655556
0.677778
0.666667
0.788889
0.655556
0.888889
0.577778
0.577778
0.966667
0.7
0.633333
1.1
0.677778
0.733333
0.722222
0.555556
0.777778
0.577778
0.577778
0.633333
0.511111
0.655556
0.677778
0.944444
0.833333
0.466667
0.711111
