0
2.57778
2.76667
2.8
2.61111
1.12222
1.01111
2.5
2.51111
2.84444
1.7
2.97778
2.46667
2.11111
2.06667
0.533333
2.73333
2.23333
1.95556
2.08889
2.77778
1.7
2.48889
2.71111
2.9
3.06667
2.85556
0.888889
3.21111
2.53333
2.31111
3.01111
2.86667
0.833333
2.85556
2.81111
2.73333
2.11111
1.88889
2.54444
2.88889
2.73333
2.65556
2.77778
2.41111
2.45556
2.86667
0.744444
1.92222
2.44444
2.38889
2.15556
2.46667
2.6
1.21111
0.922222
2.52222
3.21111
2.51111
3
2.64444
2.6
2.84444
2.54444
3.01111
2.21111
2.68889
1.06667
2.62222
2.44444
3.23333
3.15556
2.35556
3.06667
2.64444
2.51111
2.77778
2.97778
2.14444
2.05556
2.21111
2.52222
1.44444
2.05556
2.98889
2.57778
2.67778
0.733333
3.05556
2.83333
2.93333
2.42222
2.96667
2.64444
2.9
2.94444
2.65556
2.35556
2.48889
2.55556
0.744444
2.62222
2.38889
2.03333
2.51111
2.72222
2.93333
3.01111
2.63333
2.33333
2.2
0.722222
2.94444
2.91111
2.5
2.95556
2.68889
2.76667
0.633333
2.9
2.74444
2.8
2.81111
2.54444
2.52222
2.2
2.35556
2.73333
2.3
3
2.98889
2.52222
2.86667
2.11111
3.01111
2.91111
2.72222
2.54444
2.26667
2.57778
2.43333
2.45556
2.85556
2.36667
2.83333
2.25556
2.18889
2.87778
3.02222
2.21111
2.67778
2.37778
2.92222
2.74444
3.15556
2.71111
2.7
2.57778
2.27778
2.67778
2.4
2.76667
3.05556
2.12222
2.35556
2.45556
2.3
2.62222
2.24444
2.62222
2.47778
3.11111
2.81111
1.84444
2.81111
2.68889
2.51111
2.8
2.26667
2.36667
2.91111
2.56667
0.844444
2.62222
2.43333
2.56667
1.93333
2.24444
1.62222
1.82222
2.84444
2.98889
2.43333
2.45556
3.02222
2.61111
2.74444
2.58889
2.52222
2.5
2.68889
2.64444
2.71111
2.53333
2.64444
0.788889
3.1
2.82222
2.66667
2.67778
2.33333
3.02222
2.95556
2.53333
2.23333
3.05556
2.71111
2.77778
2.96667
3.32222
2.72222
2.22222
1.94444
2.97778
2.84444
2.04444
2.83333
2.82222
2.12222
0.833333
2.4
2.95556
2.63333
2.76667
3.06667
2.4
2.62222
2.48889
2.78889
2.98889
2.12222
2.9
2.2
3.14444
2.51111
2.8
2.95556
2
2.84444
2.24444
2.52222
2.77778
2.31111
2.74444
2.57778
2.41111
2.36667
2.23333
2.96667
3.02222
0.7
2.66667
3.53333
0.577778
2.65556
0.866667
2.95556
2.25556
2.53333
2.63333
2.88889
2.95556
2.32222
2.93333
2.9
2.5
2.71111
2.62222
2.24444
2.3
3.24444
2.16667
2.1
2.9
0.744444
2.41111
1.76667
0.833333
2.47778
2.74444
2.56667
2.46667
2.07778
2.58889
2.74444
2.66667
2.86667
2.98889
2.56667
2.61111
2.41111
2.68889
3.03333
2.68889
2.34444
2.47778
3.05556
2.55556
3.05556
1.61111
1.7
2.37778
2.33333
2.34444
2.23333
2.62222
2.9
2.63333
2.64444
1.98889
1.34444
2.82222
2.68889
2.73333
2.1
2.98889
2.65556
0.7
3.06667
2.61111
2.9
2.66667
2.72222
2.87778
3.03333
2.03333
2.62222
2.84444
2.86667
1.86667
2.61111
2.36667
2.48889
2.64444
2.58889
2.33333
2.7
2.72222
1.66667
2.63333
3.14444
1.71111
0.911111
2.36667
2.7
3.06667
3.07778
2.73333
2.87778
2.75556
2.95556
2.84444
2.4
2.75556
2.93333
2.67778
3.52222
2.84444
0.933333
2.6
3.1
2.83333
1.91111
2.77778
2.84444
2.51111
2.65556
2.96667
1.76667
2.73333
3.02222
2.78889
2.5
2.58889
2.18889
2.88889
2.44444
2.78889
2.75556
2.75556
3.03333
2.44444
2.47778
3.11111
2.35556
2.72222
2.46667
2.64444
2.86667
2.81111
0.522222
3.04444
2.21111
3.07778
2.13333
3.11111
2.62222
2.28889
2.83333
2.53333
2.84444
3.2
2.53333
2.16667
1.96667
2.7
2.51111
2.55556
3.13333
2.8
1.4
2.81111
2.61111
0.788889
2.8
2.82222
2.62222
2.78889
2.75556
3.13333
2.83333
2.44444
3
2.62222
2.7
3.14444
0.6
2.51111
2.61111
2.08889
2.17778
2.61111
0.855556
2.84444
2.86667
2.36667
2.35556
2.27778
2.63333
2.54444
2.82222
2.46667
2.66667
2.61111
2.43333
2.53333
3.15556
2.75556
2.85556
2.37778
2.22222
2.3
2.86667
2
2.43333
2.42222
2.33333
2.84444
2.15556
2.61111
2.53333
3.03333
2.45556
2.93333
2.61111
3.02222
2.27778
2.43333
2.58889
1.97778
2.35556
1.56667
2.56667
3
0.455556
3.1
2.64444
2.78889
2.6
2.42222
2.54444
2.35556
2.83333
2.63333
2.88889
1.9
2.45556
2.18889
3.08889
2.43333
2.93333
2.61111
2.31111
2.73333
2.44444
2.64444
2.77778
2.64444
2.6
2.2
2.95556
2.63333
3.13333
2.83333
2.54444
0.755556
2.67778
2.86667
2.41111
2.75556
2.83333
2.63333
2.65556
2.8
2.72222
2.52222
2.75556
2.48889
2.54444
2.51111
2.55556
2.33333
2.44444
2.46667
2.1
2.51111
2.36667
2.31111
2.76667
2.7
2.83333
2.86667
0.966667
2.58889
2.94444
2.22222
2.7
2.57778
2.73333
2.43333
2.48889
2.16667
2.87778
2.27778
2.27778
2.82222
1.25556
2.35556
2.94444
2.24444
2.77778
2.85556
3.07778
0.6
2.3
0.9
0.877778
2.65556
2.38889
2.75556
2.26667
2.13333
2.44444
2.63333
2.84444
2.46667
2.81111
2.55556
2.28889
1.44444
2.77778
1.77778
3.05556
2.1
2.43333
0.688889
2.37778
2.52222
0.8
2.64444
2.42222
2.82222
2.73333
2.74444
2.51111
2.94444
2.57778
2.62222
1.97778
0.7
2.76667
2.4
2.25556
2.81111
2.35556
2.73333
2.96667
1
2.74444
2.46667
3.28889
2.16667
2.66667
2.21111
2.45556
2.61111
2.6
1.14444
2.72222
3
2.63333
2.46667
2.71111
2.88889
2.44444
2.71111
2.35556
2.97778
2.7
0.533333
2.95556
2.72222
2.51111
2.57778
2.66667
1.8
2.64444
2.88889
0.766667
2.72222
2.57778
2.72222
2.77778
1.98889
2.61111
2.72222
2.48889
2.85556
2.34444
2.85556
2.94444
2.45556
2.95556
1.75556
2.56667
2.73333
3
2.47778
2.97778
2.52222
2.77778
0.944444
2.74444
2.76667
2.3
2.76667
2.37778
0.8
1.84444
2.81111
2.53333
3.14444
0.7
2.68889
2.94444
0.744444
2.74444
2.8
2.6
2.24444
2.36667
2.35556
1.48889
2.61111
2.78889
2.58889
2.61111
2.67778
2.4
2.37778
2.81111
2.96667
2.98889
1.01111
2.41111
2.35556
2.81111
2.56667
2.5
2.52222
2.81111
2.5
2.3
2.37778
2.74444
2.92222
2.96667
2.74444
2.5
2.72222
2.87778
2.88889
2.61111
2.82222
2.85556
2.48889
2.64444
2.6
2.91111
0.922222
2.68889
2.37778
2.25556
2.85556
2.87778
2.77778
2.58889
2.58889
0.433333
2.41111
2.23333
2.57778
3.11111
2.7
2.77778
2.41111
2.52222
2.92222
3.1
2.61111
2.37778
2.67778
2.78889
2.66667
2.16667
3.04444
2.77778
2.37778
3.01111
2.92222
2.65556
3.05556
2.28889
2.52222
1.2
0.755556
2.65556
2.73333
2.63333
2.41111
2.42222
3.11111
2.75556
2.06667
2.65556
3.15556
2.64444
2.78889
2.88889
2.65556
2.62222
2.81111
1.58889
2.52222
2.71111
2.78889
2.14444
0.933333
2.26667
3.08889
2.14444
2.44444
2.12222
2.28889
2.14444
2.05556
2.68889
2.77778
2.7
1.45556
2.35556
3.02222
2.56667
2.5
2.72222
3.28889
2.52222
2.8
2.44444
2.66667
2.8
2.82222
2.44444
2.63333
2.73333
3.22222
2.4
1.85556
2.6
2.64444
2.76667
2.74444
2.63333
2.14444
3.16667
2.13333
3.13333
2.43333
0.888889
1.8
2.82222
2.14444
2.56667
2.08889
2.73333
0.711111
2.17778
1.83333
2.62222
2.54444
2.64444
2.54444
2.23333
2.7
2.8
2.53333
2.62222
2.45556
0.988889
2.52222
2.86667
2.05556
2.77778
2.81111
2.07778
2.52222
3.03333
2.24444
2.21111
2.75556
2.82222
3.24444
2.36667
0.788889
2.98889
2.15556
2.43333
2.47778
2.53333
2.33333
2.64444
2.35556
2.71111
2.12222
2.9
2.54444
2.23333
2.84444
2.5
2.71111
2.72222
2.66667
2.75556
1.87778
2.28889
2.53333
2.64444
2.84444
2.82222
2.65556
2.52222
2.54444
3.11111
2.46667
3.2
2.87778
2.55556
2.11111
2.8
2.24444
0.633333
2.96667
3.08889
2.41111
2.38889
2.57778
2.57778
2.74444
2.25556
2.43333
2.78889
1.92222
2.28889
2.61111
2.2
2.84444
2.91111
2.91111
2.76667
2.3
2.41111
2.67778
2.77778
2.44444
0.688889
2.91111
2.51111
2.67778
2.51111
2.7
2.77778
1.02222
2.64444
2.27778
2.75556
1.98889
0.577778
2.25556
2.6
2.06667
2.48889
2.86667
2.51111
2.57778
2.85556
2.7
2.98889
2.96667
2.7
2.9
3.03333
2.73333
2.73333
2.98889
2.13333
2.56667
2.52222
2.38889
2.41111
3.21111
2.41111
2.52222
2.81111
2.72222
2.45556
2.34444
2.68889
2.46667
2.45556
2.97778
2.95556
2.83333
2.57778
2.35556
2.66667
2.96667
2.74444
2.51111
2.63333
2.45556
2.61111
2.37778
1.66667
3.02222
3.21111
2.14444
2.08889
2.96667
2.58889
0.577778
3
2.04444
1.84444
2.98889
2.45556
2.61111
2.43333
2.07778
2.5
2.76667
2.64444
2.62222
2.53333
1.66667
2.38889
2.31111
2.73333
2.67778
3.3
2.6
