0
0.611111
3
0.822222
2.08889
2.93333
0.688889
2.76667
1.12222
0.855556
2.65556
2.85556
3.15556
2.82222
2.78889
2.55556
0.711111
0.9
0.911111
0.655556
2.66667
2.57778
2.02222
0.7
0.533333
0.622222
2.75556
1.08889
0.577778
0.655556
0.733333
1.4
0.5
2.55556
2.77778
0.566667
0.633333
2.55556
3.17778
0.711111
0.644444
1.21111
2.68889
0.666667
2.82222
2.86667
2.47778
2.52222
2.68889
2.3
2.9
2.87778
0.944444
2.73333
2.7
0.655556
0.811111
0.744444
0.9
2.58889
0.811111
2.86667
2.33333
0.777778
0.722222
1.43333
0.333333
2.85556
0.611111
2.72222
0.688889
2.54444
0.622222
0.711111
0.766667
0.566667
2.6
2.46667
0.811111
2.66667
2.81111
0.6
2.08889
0.533333
0.488889
2.67778
1.17778
2.35556
0.833333
2.47778
2.72222
2.36667
2.58889
0.711111
0.666667
0.6
2.78889
0.655556
1.36667
2.86667
1.36667
2.58889
2.32222
0.622222
2.36667
2.17778
2.04444
2.14444
2.03333
0.522222
0.511111
2.81111
0.411111
0.555556
0.777778
0.622222
1.95556
2.38889
0.644444
1
3.12222
2.25556
1.05556
2.8
0.811111
1.18889
0.622222
0.722222
1.1
2.51111
2.51111
1.14444
1.12222
0.688889
0.577778
2.91111
2.67778
2.41111
2.52222
0.444444
2.03333
1.77778
0.755556
2.24444
3.22222
2.64444
1.13333
0.666667
2.61111
0.711111
0.677778
0.766667
2.78889
2.57778
2.54444
0.544444
1.36667
0.777778
2.92222
0.966667
0.955556
0.677778
2.58889
1.98889
2.83333
0.755556
1.27778
2.94444
2.58889
2.21111
0.633333
0.911111
1.2
2.55556
0.711111
0.688889
2.63333
2.07778
0.6
2.93333
0.6
2.53333
2.21111
2.58889
0.677778
0.555556
3.07778
0.8
2.81111
2
2.74444
2.68889
2.51111
0.744444
0.755556
0.666667
0.655556
1.02222
2.48889
2.3
0.611111
0.7
0.777778
0.633333
0.744444
2.37778
0.722222
3.31111
0.5
0.922222
2.7
1.55556
2.26667
0.888889
2.24444
0.955556
2.91111
0.755556
2.52222
2.85556
1.27778
2.28889
0.655556
0.677778
2.57778
2.74444
2.51111
0.822222
0.555556
2.96667
2.61111
2.67778
0.755556
2.32222
0.866667
0.722222
0.777778
1.1
0.744444
0.533333
2.67778
0.722222
0.7
0.555556
0.8
0.755556
3.03333
0.666667
2.35556
2.37778
2.24444
0.855556
0.677778
1.36667
2.37778
0.911111
2.82222
0.711111
0.622222
2.98889
3
2.76667
0.822222
2.64444
0.766667
1.95556
2.27778
0.9
1.17778
2.81111
0.566667
0.822222
2.94444
2.63333
0.744444
0.855556
0.611111
1.65556
2.15556
0.788889
2.1
0.677778
0.733333
2.3
0.544444
2.74444
0.833333
2.34444
1.05556
2.53333
2.94444
2.6
2.84444
0.755556
1.42222
0.711111
2.54444
0.655556
2.9
2.42222
2.15556
0.644444
2.64444
1.73333
2.64444
1.15556
2.2
3.05556
2.9
0.877778
2.9
0.733333
0.833333
1.04444
0.744444
0.777778
0.588889
2.86667
0.7
0.755556
0.833333
2.6
0.588889
2.53333
2.03333
2
2.46667
2.43333
2
2.25556
2.58889
2.46667
2.56667
3.05556
0.677778
0.644444
2.51111
2.54444
0.744444
0.777778
2.45556
2.7
0.855556
2.94444
2.84444
2.13333
2.42222
2.16667
1.85556
2.54444
0.433333
2.53333
2.53333
2.55556
1.01111
0.555556
2.52222
2.6
1.47778
0.988889
2.75556
3.18889
0.611111
2.67778
0.744444
2.66667
1.98889
2.23333
0.722222
2.47778
1.44444
0.455556
3.08889
2.14444
2.83333
1.04444
0.755556
0.8
2.42222
0.811111
2.81111
0.733333
2.05556
2.77778
0.711111
0.6
2.87778
2.93333
3.16667
2
2.51111
2.56667
1.07778
2.58889
2.43333
2.22222
2.61111
2.48889
1.66667
0.944444
2.82222
2.62222
0.966667
2.65556
2.28889
0.933333
2.7
2.8
2.35556
0.8
2.47778
0.611111
0.633333
2.27778
2.66667
0.833333
1.84444
2.8
2.8
2.43333
2.92222
2.8
1.82222
3.18889
0.788889
0.622222
0.7
2.81111
2.65556
2.04444
2.78889
2.6
0.833333
1.71111
0.622222
2.65556
0.722222
0.7
1.56667
0.922222
2.16667
2.58889
0.577778
0.688889
2.31111
0.833333
1.21111
2.94444
0.655556
0.577778
2.13333
0.655556
2.32222
2.22222
2.48889
0.711111
0.777778
2.83333
0.911111
2.95556
2.32222
0.666667
2.7
2.83333
2.37778
2.61111
0.922222
0.477778
1.1
2.51111
0.744444
2.86667
0.744444
2.42222
0.877778
2.27778
1.95556
2.42222
2.32222
2.9
1.76667
1.04444
0.822222
0.744444
0.8
2.81111
2.12222
0.8
0.622222
2.28889
2.36667
2.42222
0.844444
2.8
2.74444
2.17778
2.34444
0.522222
0.566667
2.91111
0.822222
0.566667
2.72222
2.65556
0.5
0.9
2.76667
1.11111
0.588889
1.08889
2.34444
0.533333
2.87778
0.611111
0.677778
3.02222
0.688889
2.34444
2.76667
2.64444
2.32222
2.65556
2.93333
2.77778
0.733333
1.17778
2.28889
0.766667
0.922222
2.56667
2.27778
2.08889
0.788889
0.6
1.05556
0.633333
1.04444
2.61111
2.67778
2.52222
2.57778
0.433333
0.7
2.32222
2.22222
1.04444
2.58889
2.46667
0.811111
0.811111
2.23333
0.755556
3
0.622222
0.588889
2.54444
0.6
2.47778
0.588889
0.855556
2.12222
2.11111
2.64444
1.9
0.566667
2.17778
2.63333
2.6
2.8
2.68889
2.18889
0.644444
2.08889
2.5
0.755556
2.83333
0.988889
3.04444
0.633333
2.68889
0.711111
0.755556
0.633333
2.56667
2.6
2.26667
0.766667
1.78889
2.22222
0.577778
2.63333
2.15556
2.38889
0.6
3.03333
2.48889
2.5
2.53333
0.544444
0.744444
3.13333
2.78889
0.877778
0.855556
2.41111
0.633333
2.51111
2.18889
2.91111
2.43333
0.611111
2.62222
2.8
0.677778
1.45556
2.18889
1.23333
2.35556
2.5
0.822222
0.477778
1.28889
2.26667
2.5
0.844444
0.444444
2.71111
0.7
2.9
2.33333
2.68889
0.633333
3.06667
2.47778
0.666667
2.93333
2.71111
3.23333
2.62222
2.38889
2.48889
1.94444
2.46667
1.2
0.477778
1.85556
1.64444
1.37778
2.71111
0.855556
0.633333
3.06667
2.93333
0.666667
0.666667
2.57778
2.46667
1.85556
0.511111
2.81111
2.14444
2.8
2.17778
2.88889
2.72222
2.63333
1.15556
0.622222
0.444444
0.622222
3.38889
0.788889
2.64444
0.788889
1.66667
2.37778
0.744444
1.98889
0.822222
1.82222
2.48889
2.25556
2.54444
1.07778
0.8
0.766667
0.788889
0.644444
2.43333
2.72222
2.46667
3.05556
1.32222
0.511111
0.477778
0.566667
2.67778
2.45556
2.37778
2.04444
2.56667
2.55556
3.14444
0.511111
2.17778
0.9
0.733333
0.777778
0.777778
0.722222
2.58889
0.822222
2.67778
2.86667
2.81111
2.27778
0.688889
2.48889
2.11111
2.83333
0.711111
0.866667
2.84444
0.833333
2.5
3.12222
2.58889
2.24444
0.766667
2.55556
3.17778
0.577778
0.688889
2.04444
0.855556
1.33333
0.766667
0.855556
2.15556
2.9
0.622222
0.8
2.04444
0.833333
0.611111
2.78889
2.24444
0.877778
2.44444
0.633333
2.01111
2.32222
1.87778
0.711111
0.444444
0.744444
2.64444
2.81111
2.27778
0.522222
2.76667
2.4
0.755556
3
0.644444
0.644444
0.6
2.56667
2.85556
0.7
2.43333
0.644444
1.94444
2.6
1.04444
2.82222
2.53333
0.8
1.65556
2.68889
2.31111
2.48889
2.65556
0.633333
2.73333
2.3
0.677778
2.67778
0.766667
2.83333
1.97778
2.9
1.05556
2.56667
0.822222
2.31111
2.6
2.21111
1.13333
2.01111
2.84444
0.933333
2.4
2.81111
3
1.47778
2.74444
2.62222
2.27778
1.05556
0.655556
2.57778
2.83333
1.1
2.93333
3.08889
1.17778
0.822222
2.06667
2.54444
2.6
0.944444
1.7
0.855556
2.64444
2.21111
0.7
0.9
0.722222
2.24444
0.588889
2.68889
0.922222
2.55556
2.71111
2.23333
0.866667
0.611111
2.53333
2.47778
2.17778
0.633333
2.51111
2.8
0.755556
2.53333
0.633333
1.86667
1.91111
0.622222
0.988889
2.07778
3.01111
1.82222
0.655556
2.55556
2.35556
2.43333
0.677778
2.54444
0.666667
2.52222
2.91111
2.55556
2.28889
2.67778
0.6
1.44444
2.48889
2.44444
0.677778
0.711111
0.777778
0.588889
2.34444
2.68889
2.35556
0.644444
0.666667
2.6
0.788889
2.74444
1.15556
0.755556
0.7
0.555556
2.02222
0.511111
2.91111
0.677778
0.888889
0.911111
2.6
2.51111
2.5
2.68889
2.22222
0.688889
2.28889
2.48889
0.933333
0.755556
2.86667
0.844444
1.45556
2.22222
2.57778
2.48889
0.788889
2.91111
2.72222
2.9
2.74444
2.32222
1.87778
2.27778
2.32222
1.53333
2.85556
2.48889
2.54444
2.23333
0.822222
0.633333
2.52222
2.43333
0.633333
0.611111
0.6
2.53333
2.3
3.07778
0.733333
1.01111
2.81111
2.35556
0.488889
2.05556
0.6
0.888889
0.533333
1.4
2.47778
0.477778
0.488889
0.5
0.766667
0.966667
0.622222
1.7
2.44444
2.7
1.76667
0.733333
2.23333
2.92222
0.622222
0.622222
2.73333
1.13333
2.75556
2.22222
0.877778
0.722222
2.81111
1.1
2.98889
1.88889
0.722222
2.81111
0.622222
0.911111
2.91111
0.933333
1.8
1.82222
0.666667
2.4
0.911111
2.92222
2.38889
0.777778
2.33333
0.788889
1.84444
2.7
0.655556
2.91111
2.82222
2.51111
0.655556
2.45556
2.71111
2.44444
2.78889
2.5
2.98889
2.86667
2.43333
0.822222
