0
0.788889
1.23333
1.98889
0.566667
0.644444
1.41111
0.855556
0.833333
2.24444
0.588889
0.544444
2.33333
0.911111
0.888889
2.72222
0.8
0.622222
3.15556
0.922222
2.31111
2.62222
0.477778
0.733333
2.87778
3.15556
1.27778
1
2.46667
0.733333
0.633333
2.6
0.755556
2.42222
0.6
2.57778
2.27778
0.555556
1
2.6
0.677778
0.422222
0.633333
2.3
0.922222
0.788889
0.611111
0.766667
0.9
3.03333
0.633333
0.522222
2.22222
1.21111
0.733333
2.37778
3.13333
2.55556
0.844444
2.5
1.06667
2.93333
0.677778
0.7
2.72222
2.47778
0.688889
0.666667
0.7
0.6
0.644444
0.644444
3.14444
0.711111
0.755556
0.6
1.05556
0.766667
0.711111
2.38889
0.822222
0.644444
0.6
2.52222
2.13333
0.566667
0.633333
1.02222
1.57778
1.81111
2.74444
0.922222
0.577778
0.688889
0.488889
2.48889
0.9
0.522222
0.877778
2.9
0.744444
0.711111
0.8
0.566667
0.511111
0.733333
1.17778
0.611111
2.52222
2.93333
0.822222
0.588889
2.91111
0.766667
0.588889
1.78889
0.833333
0.722222
3.04444
0.777778
2.26667
0.744444
0.566667
0.5
2.45556
2.34444
0.655556
1.88889
2.53333
0.766667
0.822222
0.688889
0.533333
2.01111
0.9
0.744444
0.866667
0.755556
0.655556
2.51111
2.21111
0.733333
0.788889
0.666667
2.48889
2.4
2.68889
0.588889
2.52222
0.588889
2.98889
2.42222
2.85556
0.611111
2.44444
0.811111
0.711111
2.54444
0.766667
0.833333
0.744444
0.822222
0.677778
2.71111
1.01111
0.455556
0.688889
0.5
0.733333
1.76667
0.822222
0.711111
0.933333
1.02222
2.64444
2.7
0.766667
2.65556
2.64444
0.555556
2.61111
0.733333
2.45556
0.622222
0.722222
0.811111
2.4
0.955556
0.855556
2.78889
2.74444
2.53333
0.688889
0.633333
2.37778
2.48889
0.577778
0.588889
0.922222
0.466667
1.1
2.11111
0.855556
1.24444
0.866667
0.666667
0.566667
2.76667
1.15556
1.04444
2.73333
0.7
2.48889
3.01111
2.67778
1.54444
0.522222
2.84444
0.833333
1.04444
0.8
2.51111
1.28889
0.744444
0.6
1.66667
0.688889
0.5
0.788889
0.588889
0.811111
0.833333
0.733333
0.622222
1.02222
2.33333
0.522222
2.8
0.677778
2.53333
0.744444
1.01111
0.6
2.23333
0.733333
0.5
0.544444
0.766667
0.555556
1.96667
0.9
2.34444
0.722222
2.66667
0.711111
2.93333
2.35556
2.46667
2.18889
2.78889
0.588889
2.7
2.64444
1.5
0.722222
2.6
0.644444
2.15556
0.844444
2.18889
2.84444
1.36667
0.777778
0.744444
0.955556
1.26667
1.02222
0.722222
2.57778
0.611111
2.76667
0.888889
0.744444
0.511111
2.27778
2.51111
0.7
0.8
1.18889
0.822222
1.88889
1.11111
0.822222
0.555556
0.955556
0.588889
2.67778
2.15556
0.522222
1.47778
2.07778
0.688889
0.777778
0.533333
2.56667
2.17778
0.855556
0.577778
0.6
0.622222
1
2.8
0.6
0.7
2.13333
0.622222
0.733333
0.688889
0.844444
1.18889
0.811111
0.677778
0.688889
0.788889
2.43333
0.744444
0.688889
0.955556
2.41111
0.466667
0.711111
0.888889
2.93333
3.05556
0.455556
3
2.78889
0.644444
2.32222
2.34444
2.84444
3.27778
0.9
2.66667
0.6
2.34444
0.855556
2.67778
0.744444
0.811111
0.911111
2.41111
0.411111
0.7
0.466667
0.833333
0.677778
2.45556
1.17778
2.52222
3.02222
0.544444
2.71111
0.855556
0.944444
0.666667
0.777778
1.3
0.644444
2.62222
1.51111
2.86667
2.75556
2.2
2.8
0.711111
2.46667
0.688889
2.17778
0.866667
0.511111
0.777778
0.766667
0.688889
2.61111
2.31111
2.68889
2.56667
0.866667
2.85556
0.788889
0.788889
2.12222
0.755556
0.688889
0.555556
0.744444
0.811111
0.733333
0.833333
0.911111
0.755556
2.36667
3.21111
0.822222
2.4
0.688889
1.02222
0.588889
0.7
0.577778
2.82222
1
0.766667
2.31111
1
0.644444
0.7
0.666667
0.477778
1.76667
0.522222
0.622222
0.533333
2.94444
2.73333
0.555556
0.822222
0.544444
0.544444
2.38889
2.23333
1.26667
0.677778
0.633333
2.67778
2.28889
1.75556
2.08889
0.733333
0.933333
0.688889
2.83333
0.6
0.511111
0.666667
2.84444
1.14444
0.588889
2.04444
2.6
0.755556
0.466667
0.622222
0.722222
2.96667
1.02222
0.544444
2.52222
0.588889
0.677778
2.9
0.966667
2.16667
0.766667
2.16667
0.422222
2.47778
2.08889
2.46667
0.644444
0.988889
0.7
2.66667
0.866667
0.633333
2.58889
2.33333
0.766667
0.622222
2.6
0.611111
0.677778
0.655556
3.23333
0.744444
2.18889
0.7
2.45556
2.63333
0.555556
2.7
0.855556
0.788889
2.31111
2.61111
2.6
2.42222
2.58889
0.988889
0.633333
2.31111
0.466667
0.788889
0.644444
2.97778
2.17778
2.53333
2.7
0.633333
2.83333
2.5
1.64444
0.544444
1.88889
2.71111
0.655556
1.63333
2.83333
2
2.57778
1.55556
0.777778
2.64444
2.36667
2.46667
0.755556
0.555556
0.8
0.6
0.8
0.766667
0.511111
1.97778
0.688889
0.811111
1.94444
2.53333
0.744444
0.766667
0.511111
0.688889
0.877778
0.411111
1.38889
0.966667
0.722222
0.777778
2.82222
0.711111
0.6
0.566667
2.28889
0.922222
0.688889
0.722222
0.744444
0.777778
0.677778
0.633333
2.56667
0.666667
2.38889
3.34444
0.955556
0.533333
0.5
1.53333
0.411111
1.71111
0.611111
2.14444
2.63333
0.777778
0.866667
2.68889
0.866667
0.677778
0.755556
2.64444
0.877778
0.555556
0.922222
0.966667
2.54444
0.666667
0.777778
0.855556
0.766667
0.744444
1.31111
2.42222
2.55556
0.744444
0.533333
3
2.83333
0.777778
0.844444
2.94444
1.6
2.57778
2.51111
2.87778
0.711111
0.722222
0.766667
0.588889
0.8
2.32222
0.788889
0.722222
2.37778
0.622222
2.34444
2.54444
1.6
0.655556
0.633333
0.644444
0.711111
0.755556
0.677778
2.75556
0.788889
2.47778
2.43333
0.833333
2.53333
1.18889
2.26667
0.633333
0.844444
2.48889
0.544444
0.588889
0.555556
2.41111
0.744444
0.911111
2.57778
2.45556
0.8
2.03333
2.91111
0.955556
0.666667
2.02222
2.56667
2.28889
2.73333
0.644444
2.55556
0.477778
0.5
2.63333
1.02222
0.777778
0.533333
0.544444
2.22222
2.36667
0.622222
0.955556
0.888889
1.35556
0.788889
0.522222
0.766667
0.733333
0.477778
0.744444
2.53333
0.577778
0.577778
0.5
0.822222
2.02222
0.588889
0.644444
0.944444
0.777778
0.644444
0.755556
3.16667
0.633333
2.05556
2.33333
2.46667
2.46667
0.522222
0.577778
2.73333
1.06667
0.911111
1
0.5
0.811111
1.06667
2.24444
0.933333
0.788889
0.655556
0.544444
2.23333
1.75556
2.16667
2.28889
2.51111
0.511111
0.433333
0.488889
0.588889
2.37778
0.666667
0.777778
0.633333
0.633333
0.955556
0.944444
0.633333
2.01111
0.644444
0.755556
0.711111
2.97778
0.666667
2.33333
2.82222
2.5
0.733333
2.32222
0.511111
0.555556
0.566667
0.788889
0.722222
1.21111
2.56667
2.52222
0.922222
2.11111
2.88889
2.51111
0.488889
2.37778
0.6
0.755556
0.588889
0.744444
0.911111
0.688889
0.844444
0.877778
0.955556
0.766667
0.588889
0.533333
0.666667
2.78889
0.711111
0.477778
0.655556
0.711111
0.611111
0.666667
3.13333
0.677778
1.14444
2.76667
0.633333
0.722222
0.911111
0.922222
2.92222
0.811111
2.67778
2.83333
0.722222
0.555556
2.2
0.8
0.944444
0.888889
0.666667
0.511111
2.35556
2.93333
0.611111
1
0.688889
0.8
2.18889
2.77778
2.14444
0.722222
2.26667
0.733333
1.15556
0.822222
0.8
0.911111
1.78889
0.5
0.711111
0.611111
2.77778
0.855556
0.877778
0.611111
0.466667
2.22222
2.22222
2.91111
0.666667
0.633333
2.91111
2.68889
0.544444
0.477778
2.48889
0.688889
1.88889
2.68889
1.94444
0.766667
1.77778
0.633333
2.76667
0.633333
0.755556
0.566667
0.766667
2.52222
2.61111
2.98889
0.644444
2.02222
2.45556
0.733333
0.955556
3.06667
2.05556
0.733333
0.544444
2.81111
0.944444
2.37778
0.7
2.37778
0.844444
0.733333
2.56667
2.9
0.455556
0.977778
3.16667
0.666667
0.644444
1.53333
0.611111
2.93333
2.21111
0.744444
1.98889
2.38889
0.655556
0.888889
0.8
2.57778
2.3
0.488889
2.21111
0.977778
0.5
0.6
0.733333
0.755556
3.03333
2.33333
2.82222
0.855556
2.48889
2.74444
0.633333
2.21111
0.744444
0.566667
2.22222
0.688889
2.62222
0.522222
0.722222
0.522222
0.666667
2.32222
0.611111
1.34444
1.71111
2.24444
2.11111
0.588889
3.17778
1.1
1.44444
0.855556
2.5
0.7
0.755556
3.14444
0.511111
0.722222
0.866667
1.93333
2.58889
0.522222
1.62222
0.711111
0.744444
2.52222
0.555556
1.2
0.755556
1.6
0.555556
1.77778
1.86667
0.855556
0.711111
0.711111
0.755556
0.455556
1.13333
2.58889
0.633333
0.888889
0.711111
2.32222
2.92222
0.666667
2.35556
2.41111
1.75556
0.411111
0.866667
0.844444
2.25556
0.677778
0.766667
2.65556
2.71111
3.24444
2.58889
0.777778
0.722222
2.48889
2.31111
3.04444
0.877778
0.688889
0.6
0.833333
0.811111
1.9
2.9
2.62222
0.711111
0.588889
2.48889
0.677778
0.488889
2.65556
0.7
2.22222
2.92222
1.51111
0.722222
0.877778
1.24444
0.455556
0.433333
1.71111
2.33333
0.522222
0.7
2.36667
2.41111
2.67778
0.677778
0.711111
1.51111
2.76667
0.866667
0.733333
0.9
3.24444
3.2
2.14444
0.766667
1.96667
