0
2.23333
1.94444
2.31111
2.46667
2.44444
0.655556
0.777778
2.1
2.76667
2.1
0.555556
1.28889
1.1
3.01111
2.81111
2.37778
2.54444
2.78889
2.62222
3.4
1.63333
0.466667
0.688889
0.711111
2.54444
2.88889
0.588889
0.755556
2.44444
2.65556
2.63333
2.31111
2.22222
2.61111
2.41111
0.533333
2.45556
2.86667
2.66667
0.722222
0.544444
3.02222
2.57778
3.01111
2.33333
2.25556
2.42222
2.38889
2.22222
2.53333
2.83333
2.24444
2.65556
2.38889
2.54444
1.08889
0.9
2.57778
2.53333
0.622222
2.53333
2.15556
1.11111
3.01111
1.74444
1.98889
2.07778
0.866667
0.777778
0.622222
0.844444
2.47778
0.755556
2.82222
0.744444
1.34444
2.42222
2.45556
0.888889
3.1
2.66667
3.01111
2.47778
2.05556
2.28889
2.73333
0.711111
1.77778
2.6
2.94444
2.51111
3.02222
0.577778
2.64444
0.511111
2.21111
2.97778
2.82222
2.58889
2.38889
0.677778
0.988889
2.11111
2.42222
2.27778
2.45556
0.777778
0.811111
2.43333
1.5
2.5
2.56667
2.95556
1.96667
1.63333
0.855556
2.67778
2.35556
0.577778
2.14444
3.04444
2.75556
2.57778
0.955556
0.555556
2.41111
1.9
0.933333
3.1
2.38889
2.58889
2.37778
2.46667
0.455556
2.1
2.67778
2.66667
3.01111
2.43333
2.44444
0.555556
2.17778
2.95556
2.56667
1.73333
2.93333
2.58889
0.833333
0.522222
1.32222
2.32222
2.61111
2.56667
2.03333
0.922222
3.06667
2.35556
0.888889
2.01111
2.84444
2.18889
2.54444
0.622222
0.755556
2.51111
0.666667
0.733333
2.16667
2.13333
2.73333
0.733333
0.9
0.711111
2.67778
2.42222
2.58889
2.71111
0.544444
0.744444
2.65556
0.488889
0.955556
2.16667
2.11111
2.61111
2.34444
0.833333
0.488889
2.47778
2.46667
2.82222
2.22222
2.67778
1.2
2
2.67778
2.4
3.14444
2.37778
0.544444
2.72222
1.8
0.744444
0.966667
2.45556
2.8
0.833333
2.57778
1.57778
2.93333
2.94444
2.42222
2.64444
2.62222
2.44444
0.733333
2.83333
1.71111
1.9
0.822222
2.66667
2.73333
2.5
2.22222
2.12222
0.866667
0.855556
0.877778
3
2.54444
1.62222
2.83333
0.733333
2.78889
0.966667
2.27778
2.63333
0.533333
2.36667
2.42222
2.17778
2.75556
2.33333
2.24444
2.62222
2.61111
2.82222
0.722222
2.58889
2.15556
2.63333
2.58889
2.42222
2.23333
2.85556
0.655556
2.52222
2.86667
0.711111
0.866667
1.62222
2.06667
1.92222
3.08889
2.31111
2.72222
1.75556
2.85556
0.711111
2.63333
2.81111
1.58889
2
1.81111
2.5
2.71111
2.57778
2.9
3.11111
2.55556
2.2
2.86667
0.611111
0.444444
2.91111
2.43333
2.17778
1.74444
2.76667
2.17778
2.78889
2.55556
2.38889
1.16667
2.57778
2.86667
2.77778
2.62222
2.03333
0.688889
0.811111
0.7
2.5
2.52222
2.58889
0.633333
1.34444
2.78889
2.71111
3.12222
2.34444
2.48889
2.56667
0.655556
2.36667
2.37778
2.87778
2.94444
2.75556
2.18889
3.12222
3.11111
2.35556
2.61111
2.9
2.42222
0.811111
2.23333
2.81111
1.24444
2.85556
0.822222
2.21111
2.43333
0.588889
2.77778
2.62222
2.57778
0.833333
2.15556
2.25556
2.65556
0.533333
2.08889
0.9
2.14444
1.6
2.81111
0.655556
1.8
0.588889
2.05556
3.22222
2.47778
1.93333
0.766667
2.04444
2.13333
2.92222
0.588889
0.888889
3.17778
2.68889
2.47778
2.32222
2.38889
0.655556
2.18889
2.51111
2.67778
0.833333
2.71111
2.86667
2.4
3.02222
2.9
0.744444
2.52222
2.56667
2.74444
2.47778
2.57778
2.31111
2.72222
2.17778
1.05556
1.73333
0.666667
0.566667
0.588889
2.96667
0.566667
2.23333
2.62222
0.744444
3.03333
2.65556
2.21111
0.9
2.53333
2.07778
2.67778
0.444444
0.822222
2.5
0.833333
2.7
0.577778
2.33333
2.98889
0.433333
2.7
2.6
1.36667
2.83333
0.844444
2.82222
2.7
2.92222
2.54444
2.07778
2.75556
2.07778
0.855556
0.788889
0.5
2.55556
2.23333
0.911111
0.777778
2.58889
1.12222
3
2.83333
0.833333
0.766667
2.2
2.41111
1.68889
1.92222
2.84444
0.655556
1.21111
0.711111
2.77778
2.26667
2.47778
0.866667
2.93333
1.58889
1.66667
2.48889
2.56667
0.955556
2.83333
2.27778
2.24444
1.21111
2
0.633333
1.7
0.911111
2.47778
0.533333
2.35556
2.6
2.62222
2.44444
0.622222
0.777778
2.72222
2.48889
2.32222
2.45556
2.32222
0.866667
2.4
0.444444
0.911111
2.02222
0.744444
1.78889
2.28889
2.94444
2.32222
2.81111
2.67778
2.47778
0.633333
2.12222
2.62222
2.12222
2.71111
0.533333
2.91111
2.53333
2.56667
2.92222
2.66667
2.81111
3.22222
2.6
2.37778
2.75556
2.64444
1.86667
2.54444
2.95556
1.17778
0.677778
2.03333
1.11111
2.38889
0.422222
2.5
1.81111
0.9
3.06667
2.51111
3.08889
0.8
2.4
2.56667
2.85556
0.922222
2.18889
2.43333
0.666667
2.31111
2.38889
0.733333
0.611111
2.4
2.23333
0.7
0.844444
2.48889
0.633333
2.73333
2.43333
2.55556
0.644444
2.17778
2.85556
2.31111
0.666667
2.81111
0.533333
0.688889
0.655556
2.38889
2.91111
2.52222
2.55556
2.75556
2.17778
0.733333
2.21111
2.41111
3.01111
2.55556
2.91111
2.96667
2.11111
2.88889
1.66667
0.688889
2.16667
0.566667
0.677778
2.41111
0.888889
2.5
2.64444
0.755556
2.21111
0.6
0.811111
2.48889
1.97778
1.2
2.64444
2.8
0.722222
0.6
2.81111
2.37778
1.01111
2.55556
2.52222
2.64444
2.64444
2.27778
0.555556
3.15556
2.78889
0.677778
0.933333
2.8
2.46667
2.73333
1.92222
2.46667
2.26667
2.74444
2.66667
2.76667
0.6
2.04444
2.73333
1.85556
2.24444
0.688889
2.3
1.28889
1.1
1.92222
3.11111
2.62222
2.18889
2.93333
0.788889
0.711111
2.73333
2.75556
2.58889
0.855556
0.777778
3.15556
2.58889
0.488889
2.84444
2.85556
2.46667
1.16667
2.32222
1.74444
2.56667
0.977778
2.81111
2.66667
2.32222
1.75556
2.7
2.57778
2.08889
2.31111
2.4
2.66667
0.711111
1.21111
2.72222
0.8
2.54444
2.28889
2.61111
2.36667
0.9
1.01111
2.27778
2.62222
2.26667
2.43333
2.54444
0.6
2.2
2.6
2.8
2.8
0.866667
2.45556
0.666667
0.8
2.82222
2.61111
3.03333
2.62222
2.14444
2.72222
2.95556
2.04444
3.28889
2.46667
2.13333
1.74444
3.06667
2.45556
2.35556
2.57778
0.844444
3
2.54444
2.77778
2.61111
2.97778
0.677778
2.38889
0.655556
0.844444
3.13333
1.42222
2.67778
3
0.755556
2.33333
2.25556
2.56667
0.5
2.23333
2.82222
2.83333
2.61111
2.95556
2.46667
2.92222
0.733333
0.644444
2.66667
2.71111
2.56667
0.655556
2.6
2.67778
2.78889
2.64444
2.96667
2.52222
2.14444
2.81111
3.03333
0.911111
2.28889
2.45556
2.71111
0.733333
2.33333
2.48889
2.28889
2.14444
0.755556
1.04444
1.02222
2.28889
0.777778
2.22222
2.37778
2.45556
1.52222
2.58889
2.51111
2.8
1.78889
2.54444
1.65556
0.744444
2.55556
2.37778
0.733333
3.26667
2.25556
2.37778
3
2.47778
0.755556
1.16667
0.755556
2.52222
2.62222
2.71111
2.36667
0.911111
2.71111
2.24444
2.96667
2.58889
0.633333
0.522222
2.44444
2.66667
2.61111
2.34444
2.21111
2.41111
2.24444
2.51111
2.21111
2.51111
2.92222
2.98889
2.26667
3.15556
2.87778
2.22222
2.32222
0.688889
3.13333
2.92222
2.01111
2.94444
2.97778
2.15556
0.711111
2.6
2.52222
3.07778
0.588889
2.62222
2.6
0.5
2.18889
2.46667
2.38889
0.855556
0.511111
2.46667
2.76667
2.95556
2.73333
0.722222
0.844444
0.566667
1.16667
0.711111
2.06667
2.5
2.3
0.822222
2.57778
2.83333
2.9
0.722222
2.12222
0.777778
2.38889
2.07778
1.76667
0.611111
3.1
2.54444
3.11111
2.13333
0.988889
2.72222
0.5
2.16667
2.46667
2.66667
2.18889
2.28889
2.63333
2.94444
2.34444
2.85556
0.577778
1.8
2.66667
0.777778
2.22222
0.611111
1
2.85556
2.51111
2.31111
0.577778
0.688889
1.58889
2.77778
2.7
2.76667
2.13333
2.18889
0.655556
2.23333
2.71111
0.822222
3.03333
0.555556
2.81111
2.74444
3.22222
2.44444
2.05556
0.655556
0.8
2.64444
2.3
2.23333
2.16667
2.57778
1.33333
1.8
0.433333
1.16667
2.53333
2.97778
2.11111
2.56667
2.31111
3.07778
2.36667
1.58889
3.13333
0.822222
0.755556
0.5
1.01111
3.07778
2.54444
1.33333
1.63333
2.05556
2.68889
0.722222
2.83333
2.2
3.13333
0.855556
2.8
2.54444
2.54444
3.01111
2.08889
2.85556
1.13333
1.7
2.12222
2.77778
2.7
2.55556
2.52222
2.54444
2.16667
3.16667
2.48889
2.6
1.98889
2.43333
2.82222
2.83333
1.48889
2.52222
0.644444
2.57778
0.722222
2.86667
0.7
0.966667
1.98889
0.788889
2.82222
2.68889
2.63333
0.677778
2.14444
2.42222
2.47778
2.41111
2.57778
2.31111
3
1.57778
2.66667
2.96667
2.32222
1.23333
2.88889
0.988889
3
2.74444
2.63333
2.35556
2.28889
2.38889
1.94444
0.777778
2.67778
0.8
2.45556
0.633333
2.86667
2.68889
2.82222
2.6
2.87778
2.74444
1.74444
0.6
0.833333
2.44444
2.55556
0.711111
2.83333
2.72222
2.48889
1.03333
0.633333
1.83333
0.533333
0.733333
