0
2.12222
2.47778
1.17778
3.03333
2.44444
2.67778
2.54444
0.822222
0.944444
2.56667
2.95556
2.1
2.48889
2.81111
2.66667
3.17778
2.36667
2.38889
2.28889
2.64444
2.6
2.66667
0.688889
2.04444
1.78889
2.63333
0.911111
2.35556
2.65556
0.622222
1.06667
2.51111
2.14444
3.03333
2.81111
0.744444
0.955556
0.677778
2.95556
2.33333
2.81111
2.42222
1.98889
2.68889
2.52222
2.3
2.61111
0.577778
0.722222
3.24444
2.4
2.31111
2.62222
1.16667
2.37778
2.33333
2.23333
2.95556
2.6
1
2.9
0.888889
2.73333
2.5
2.87778
2.34444
2.4
2.51111
2.86667
2.51111
2.43333
2.82222
0.722222
2.15556
2.24444
0.777778
1.46667
0.5
2.55556
1.05556
2.17778
3.02222
2.63333
2.33333
2.67778
2.46667
0.922222
0.844444
1.5
2.94444
3.08889
2.6
2.68889
1.84444
0.844444
2.04444
0.5
0.6
2.38889
3.12222
2.63333
3.27778
1.96667
0.922222
3.26667
2.42222
3.14444
2.82222
2.23333
2.26667
2.46667
3.11111
2.37778
1.43333
2
2.88889
0.766667
0.777778
2.21111
0.577778
2
2.73333
2.47778
2.22222
1.97778
2.36667
2.55556
2.67778
2.36667
0.666667
0.622222
2.4
2.7
2.44444
2.07778
2.46667
0.622222
2.3
2.73333
2.57778
2.33333
2.85556
0.755556
2.9
2.53333
2.83333
2.88889
2.55556
0.733333
3.22222
2.66667
2.92222
2.47778
0.744444
2.92222
3.01111
2.53333
3.26667
2.27778
2.51111
1.44444
2.55556
0.777778
1.81111
2.41111
2.68889
2.52222
2.42222
1.13333
2.64444
1.95556
2.27778
2.72222
2.91111
2.83333
2.41111
2.83333
1.13333
2.43333
3.08889
2.93333
2.91111
2.63333
1.66667
2.51111
2.71111
1.91111
2.61111
2.2
2.65556
1.37778
2.86667
2.83333
3.08889
2.16667
2.32222
2.3
2.35556
2.85556
3.2
2.3
3.11111
0.566667
0.844444
2.06667
2.74444
2.61111
2.51111
2.23333
3.08889
2.81111
0.555556
2.77778
2.33333
2.51111
2.82222
2.25556
2.62222
0.411111
2.88889
2.43333
0.644444
2.57778
3
2.84444
2.17778
2.32222
0.777778
2.25556
2.42222
1.98889
2.81111
2.27778
3.15556
2.15556
3.21111
2.37778
3
2.71111
2.41111
0.555556
0.811111
2.66667
0.833333
2.6
1.06667
0.722222
2.8
0.955556
2.53333
2.67778
0.633333
2.38889
2.16667
0.7
0.777778
2.31111
2.97778
2.65556
2.58889
2.76667
2.62222
2.73333
0.822222
2.47778
2.33333
0.711111
3.1
2.18889
2.12222
2.48889
2.61111
2.55556
0.622222
1.17778
2.65556
2.7
2.44444
3.21111
2.7
0.944444
2.67778
2.44444
2.46667
2.4
2.97778
0.744444
2.33333
0.555556
2.95556
2.67778
2.8
0.777778
2.45556
2.67778
2.62222
3.2
0.511111
2.23333
2.78889
1.92222
2.54444
0.744444
2
2.31111
0.711111
0.788889
1.04444
2.13333
2.37778
2.84444
2.23333
2.63333
2.57778
2.08889
2.18889
2.27778
0.622222
2.31111
1.32222
3.12222
2.43333
2.61111
2.52222
2.91111
2.58889
2.52222
2.66667
2.78889
2.48889
2.82222
2.46667
2.78889
2.16667
2.53333
2.3
1.95556
2.51111
2.7
2.43333
2.58889
2.93333
2.84444
2.82222
1.28889
2.33333
2.07778
1.95556
2.72222
2.47778
3.24444
1.68889
0.733333
1.95556
2.66667
2.55556
2.37778
2.13333
2.53333
2.26667
2.53333
2.23333
0.666667
2.43333
0.811111
2.51111
2.48889
2.85556
2.65556
2.3
2.74444
1.56667
2.8
2.43333
2.27778
1.92222
0.733333
2.33333
3.31111
2.73333
0.8
2.75556
2.6
1.35556
2.75556
2.44444
2.66667
2.47778
2.54444
2.36667
2.78889
2.73333
2.18889
2.45556
2.4
2.84444
0.811111
3.13333
2.6
0.877778
2.55556
0.866667
2.81111
1.1
2.77778
2.81111
2.9
2.01111
2.85556
2.83333
3.04444
0.744444
2.7
2.35556
2.78889
2.93333
2.6
2.5
2.45556
2.54444
0.611111
1.86667
0.733333
3.24444
2.73333
2.47778
2.57778
2.25556
2.46667
2.63333
2.72222
0.955556
3.21111
2.62222
1.85556
1.77778
2.62222
2.42222
1.77778
2.54444
2.82222
2.17778
2.45556
2.98889
2.78889
2.35556
2.26667
1.03333
2.2
2.95556
3.15556
2.98889
2.66667
2.85556
2.16667
2.82222
2.48889
1.8
2.44444
0.622222
2.94444
1.87778
2.7
2.93333
2.58889
2.51111
1.98889
0.633333
3.12222
3.48889
0.622222
2.82222
2.34444
0.511111
2.48889
2.25556
2.26667
2.38889
2.4
2.34444
2.52222
2.41111
3.02222
0.611111
3.24444
2.51111
2.73333
1.55556
2.06667
2.57778
0.8
0.9
2.76667
2.95556
2.78889
2.32222
2.48889
2.73333
2.54444
2.48889
2.84444
2.2
1.96667
2.32222
0.788889
3.21111
3.08889
2.7
2.71111
2.5
1.97778
1.68889
2.52222
2.78889
2.82222
2.2
2.8
2.88889
2.15556
2.72222
2.76667
2.81111
0.633333
2.3
1.84444
2.73333
2.51111
2.84444
2.72222
0.766667
2.4
0.644444
3
2.72222
0.633333
2.24444
2.51111
2.82222
2.64444
2.98889
0.822222
0.777778
2.46667
2.87778
2.02222
1.56667
2.5
2.85556
2.84444
0.777778
1.75556
0.744444
2.46667
2.34444
2.38889
3.18889
2.66667
0.955556
2.83333
2.63333
0.833333
2.18889
2.55556
2.72222
2.52222
0.677778
0.988889
2.47778
0.666667
0.922222
2.88889
2.81111
2.67778
0.644444
2.08889
2.57778
2.77778
1.07778
2.2
2.41111
2.64444
0.844444
1.92222
0.788889
2.67778
2.21111
2.72222
2.74444
1.46667
2.9
2.48889
2.95556
2.14444
2.43333
2.58889
3.24444
0.522222
1.78889
2.54444
2.51111
2.74444
2.75556
1.32222
2.55556
2.41111
2.64444
2.42222
2.83333
3.56667
2.86667
2.06667
2.82222
2.6
1.31111
2.74444
2.82222
2.78889
0.622222
2.73333
2.83333
0.8
2.92222
2.33333
0.955556
2.32222
2.55556
0.8
2.85556
2.32222
3.07778
0.588889
0.933333
2.66667
1.2
0.711111
2.66667
2.77778
3.06667
2.9
2.17778
2.05556
2.62222
3.22222
2.66667
1.96667
2.28889
1.27778
2.91111
2.61111
1.92222
2.81111
2.52222
1.81111
2.07778
1.05556
0.566667
2.43333
2.53333
2.6
2.36667
2.23333
1.22222
0.744444
2.83333
2.9
2.91111
2.86667
2.54444
2.66667
2.98889
3.17778
0.677778
2.86667
2.25556
1.14444
2.24444
2.48889
2.44444
2.68889
0.8
2.76667
2.65556
2.2
3.13333
2.27778
2.96667
2.71111
2.9
2.66667
2.6
2.56667
2.94444
2.82222
0.7
2.56667
2.18889
2.85556
2.8
2.35556
2.54444
2.46667
2.3
0.6
2.81111
0.677778
2.74444
2.68889
2.81111
2.46667
2.23333
2.84444
2.3
0.611111
2.72222
2.64444
2.37778
2.41111
2.44444
2.18889
2.6
2
3.02222
2.96667
2.43333
2.36667
0.755556
3.1
1.77778
0.888889
0.611111
3.16667
2.65556
2.57778
2.37778
0.877778
2.12222
2.35556
2.63333
0.722222
2.8
2.8
1.67778
0.522222
2.56667
2.81111
0.555556
2.17778
2.8
2.56667
2.11111
2.72222
2.73333
2.06667
2.8
2.26667
2.87778
2.51111
2.55556
0.644444
2.35556
3.2
2.64444
2.24444
2.55556
0.633333
2.7
2.26667
2.03333
2.76667
2.21111
2.57778
2.47778
3.24444
0.733333
2.48889
2.15556
2.54444
1
2.67778
2.32222
2.24444
1.93333
2.56667
2.53333
0.622222
2.82222
0.766667
2.65556
2.74444
2.65556
2.93333
2.13333
2.57778
0.955556
0.766667
2.42222
2.31111
2.33333
2.91111
3.04444
2.48889
2.56667
0.9
2.37778
2.08889
2.35556
0.622222
2.2
0.411111
2.13333
2.84444
2.38889
2.86667
2.71111
2.22222
0.733333
2.78889
1.31111
0.477778
1.35556
2.53333
2.17778
2.56667
2.78889
2.83333
2.84444
2.38889
0.9
2.17778
2.72222
2.25556
2.91111
2.26667
2.42222
2.33333
2.56667
3.25556
2.86667
2.35556
3.1
0.866667
2.5
0.644444
2.5
2.63333
2.4
2.88889
0.822222
2.9
2.72222
1.15556
2.83333
2.42222
2.98889
2.51111
1.87778
2.31111
2.6
3.05556
2.5
0.511111
0.8
2.48889
0.677778
2.34444
2.85556
2.44444
2.12222
0.911111
2.86667
2.63333
2.37778
1.62222
2.76667
2.45556
2.16667
2.42222
2.51111
1.95556
2.26667
3.17778
2.43333
0.833333
2.63333
2.77778
0.811111
2.47778
2.5
1.46667
1.72222
2.27778
2.54444
3.31111
2.56667
2.61111
2.41111
2.84444
3.04444
2.2
2.18889
0.511111
2.57778
2.42222
2.53333
2.22222
0.822222
2.2
1.98889
2.36667
2.4
3.01111
2.54444
2.38889
2.36667
2.31111
2.61111
0.844444
0.733333
0.966667
2.61111
2.22222
0.766667
2.1
2.82222
2.53333
2.67778
2.37778
0.622222
2.54444
2.68889
0.811111
2.68889
2.2
0.811111
3.14444
2.74444
2.97778
2.53333
2.18889
2.9
2.12222
0.9
3
2.7
2.03333
2.75556
2.92222
2.27778
2.86667
2.72222
2.84444
2.66667
0.844444
2.13333
2.61111
1.27778
2.42222
2.73333
2.64444
2.65556
2.37778
2.44444
2.1
2.33333
0.688889
2.36667
3.04444
1.33333
0.644444
2.32222
1.12222
2.15556
2.57778
2.33333
2.65556
2.27778
2.84444
2.66667
2.8
2.83333
0.677778
2.86667
3.4
2.36667
2.57778
2.53333
2.91111
2.55556
2.4
0.911111
2.7
2.7
2.82222
2.42222
2.48889
0.511111
2.78889
1.4
2.85556
