0
0.644444
0.944444
0.7
2
0.822222
0.744444
0.577778
0.655556
0.722222
0.522222
0.855556
0.8
2.46667
0.544444
0.6
0.733333
0.588889
0.766667
0.455556
0.755556
1.78889
0.655556
1.74444
0.7
0.911111
0.577778
1.61111
0.611111
0.677778
0.455556
0.577778
0.655556
0.811111
2.42222
0.644444
2.24444
0.677778
0.844444
0.711111
0.733333
0.744444
0.555556
0.822222
2.97778
0.844444
0.6
0.833333
0.688889
0.677778
0.766667
0.744444
2.51111
1.03333
0.755556
1.08889
0.566667
0.544444
0.611111
0.633333
2.55556
0.722222
2.37778
1.28889
2.74444
0.733333
2.82222
2.54444
0.711111
2.17778
1.03333
0.577778
1.92222
2.31111
1.01111
0.7
2.25556
0.855556
0.755556
2.55556
2.78889
2.46667
0.566667
0.655556
0.722222
0.633333
0.866667
0.822222
2.56667
0.788889
0.755556
0.8
2.05556
0.944444
0.922222
0.666667
0.644444
0.622222
0.577778
0.733333
2.28889
0.566667
0.633333
0.933333
0.711111
2.48889
0.544444
0.655556
2.47778
0.522222
0.655556
0.588889
2.43333
0.5
0.544444
2.15556
0.655556
0.4
2.33333
0.611111
0.655556
0.922222
0.811111
0.411111
2.96667
0.522222
0.811111
0.877778
0.8
2.32222
0.811111
0.877778
2.67778
0.588889
0.588889
0.611111
0.666667
0.866667
0.688889
1.98889
2.64444
0.8
0.877778
0.544444
0.588889
1.57778
0.555556
0.566667
0.522222
0.688889
0.522222
0.722222
0.733333
1.57778
0.588889
0.655556
0.7
2.87778
0.733333
0.6
0.522222
0.733333
1.83333
1.06667
1.06667
0.633333
0.655556
0.888889
2.46667
2.41111
2.55556
2.15556
2.6
0.511111
0.655556
2.63333
0.655556
0.544444
0.911111
2.33333
0.488889
0.644444
0.811111
0.822222
0.977778
2.61111
0.988889
0.666667
0.933333
0.644444
2.12222
0.477778
0.922222
1.4
1.13333
2.67778
0.655556
0.7
0.644444
1.08889
0.644444
0.7
0.977778
2.07778
0.544444
2.55556
0.6
0.722222
0.533333
0.555556
1.18889
0.744444
3.08889
0.622222
2.22222
0.788889
2.01111
0.955556
0.766667
1.44444
0.822222
0.555556
0.922222
0.622222
2.1
2.66667
0.6
0.822222
0.777778
0.577778
0.877778
0.755556
0.633333
0.622222
3.18889
0.766667
0.966667
1.1
2.63333
2.68889
0.5
2.07778
1.07778
0.688889
0.644444
0.944444
0.644444
1.04444
0.966667
0.577778
2.85556
0.566667
2.12222
2.82222
0.677778
0.777778
0.744444
0.666667
0.7
0.611111
2.61111
0.511111
0.733333
0.844444
0.733333
0.688889
0.677778
0.833333
0.677778
0.555556
0.644444
0.633333
0.577778
0.811111
0.933333
0.722222
2.43333
2.65556
2.52222
0.7
0.577778
2.83333
0.511111
0.8
1.74444
0.5
0.677778
0.8
1.08889
0.755556
0.7
2.58889
0.666667
0.422222
0.5
0.788889
0.666667
2.77778
0.722222
0.866667
0.7
2.76667
2.78889
0.5
2.33333
0.655556
2.42222
2.08889
0.544444
0.855556
0.677778
2.58889
1.93333
2.21111
0.788889
3.23333
0.733333
2.5
0.644444
0.933333
2.78889
2.53333
2.76667
0.688889
0.911111
2.2
0.622222
2.94444
0.722222
0.611111
0.622222
0.588889
0.6
2.47778
0.588889
0.888889
2.33333
0.744444
0.9
0.8
0.622222
0.633333
0.677778
0.844444
0.811111
1.08889
2.41111
0.522222
0.811111
0.544444
0.822222
0.777778
0.655556
0.666667
2.17778
2.37778
0.8
1.05556
2.33333
0.688889
2.72222
0.744444
0.766667
0.588889
0.544444
2.14444
0.722222
0.8
2.84444
0.744444
0.444444
0.644444
0.688889
0.644444
0.733333
1.11111
2.61111
2.2
1.77778
0.7
0.8
2.71111
0.666667
2.42222
2.31111
0.6
0.588889
0.444444
2.41111
0.522222
0.688889
2.26667
0.488889
0.777778
0.533333
2.08889
2.93333
2.2
0.488889
3.15556
0.4
0.566667
0.655556
0.622222
0.811111
1.21111
0.577778
0.588889
0.711111
0.566667
0.677778
0.566667
0.733333
2.64444
0.833333
0.8
0.588889
0.577778
2.65556
0.788889
1.13333
0.877778
0.633333
0.833333
0.777778
2.44444
0.877778
2.42222
1.73333
0.655556
0.888889
0.822222
1.36667
0.544444
2.85556
2.97778
0.733333
2.84444
1.88889
2.24444
0.644444
0.566667
1.84444
0.811111
0.6
0.855556
0.733333
0.566667
1.87778
2.9
1.13333
0.633333
0.988889
2.08889
0.633333
2.35556
0.622222
2.74444
0.755556
0.866667
0.644444
0.577778
0.811111
2.62222
0.677778
0.8
0.822222
2.75556
2.68889
0.911111
0.655556
0.644444
0.722222
1.05556
0.733333
2.5
0.855556
0.544444
2.38889
0.7
2.26667
0.755556
0.533333
0.655556
0.822222
2.73333
2.85556
0.666667
0.688889
0.566667
0.7
2.51111
0.533333
2.56667
0.722222
0.922222
0.644444
0.711111
0.833333
0.511111
0.544444
0.5
0.611111
0.477778
0.633333
1.33333
2.55556
0.844444
0.944444
0.777778
1.17778
0.722222
2.51111
0.677778
0.744444
2.16667
0.666667
0.922222
0.6
2.8
2.82222
0.811111
0.444444
2.54444
0.822222
2.02222
0.888889
0.788889
2.97778
0.677778
0.4
3.22222
1.97778
0.755556
0.911111
0.611111
0.855556
0.944444
2.34444
0.922222
0.455556
2.53333
0.711111
0.566667
0.522222
0.644444
0.766667
2.2
0.811111
0.544444
0.788889
0.733333
0.533333
0.566667
2.51111
1.46667
0.633333
0.644444
0.666667
0.644444
0.6
0.844444
0.533333
0.555556
0.866667
0.633333
0.788889
0.544444
0.644444
0.611111
0.766667
2.48889
1.02222
0.466667
0.844444
0.722222
0.477778
0.611111
0.533333
0.744444
0.7
0.733333
0.611111
2.02222
0.722222
0.8
0.544444
0.822222
0.633333
0.644444
2.43333
0.711111
0.533333
0.711111
0.566667
2.66667
0.877778
0.722222
2.28889
0.777778
0.688889
0.588889
0.455556
0.833333
0.688889
2.84444
1.92222
1.22222
0.755556
0.688889
1.71111
0.888889
0.733333
0.6
0.8
1.02222
0.566667
0.822222
0.6
0.577778
0.955556
0.888889
0.566667
2.62222
2.75556
2.56667
1.48889
0.422222
0.777778
2.27778
1.61111
0.866667
0.733333
0.977778
0.822222
0.5
0.488889
0.577778
0.8
0.666667
0.666667
0.844444
0.644444
0.588889
2.51111
2.53333
0.533333
0.511111
0.811111
0.822222
2.31111
0.733333
0.666667
0.755556
0.866667
2.77778
0.777778
0.522222
0.733333
2.5
0.977778
0.788889
2.46667
0.555556
0.522222
0.577778
0.611111
1.04444
0.488889
0.788889
0.811111
2.54444
0.644444
2.62222
0.666667
2.47778
2.21111
0.988889
0.677778
0.622222
0.677778
0.744444
0.577778
1.17778
0.566667
0.877778
0.6
0.744444
0.555556
2.52222
2.73333
2.46667
0.7
0.544444
2.06667
3.2
0.666667
0.655556
2.17778
0.511111
0.744444
0.6
0.722222
0.677778
0.555556
0.611111
0.722222
0.455556
0.755556
2.18889
0.588889
2.83333
0.755556
2.36667
2.17778
0.777778
0.711111
0.855556
0.633333
0.655556
2.14444
0.966667
2.68889
2.52222
0.6
1.8
2.14444
0.8
0.488889
0.577778
0.455556
2.06667
0.477778
0.5
0.6
0.777778
0.777778
0.633333
0.844444
0.733333
0.688889
0.688889
0.811111
0.611111
0.611111
0.822222
0.522222
0.633333
0.544444
2.72222
2.75556
2.36667
0.644444
2.74444
2.4
0.511111
0.555556
0.922222
1.14444
0.6
2.7
2.47778
0.588889
1.01111
0.877778
0.466667
0.711111
0.911111
0.744444
2.27778
0.588889
0.7
0.644444
0.644444
0.588889
2.11111
2.48889
0.622222
0.8
0.911111
2.27778
0.811111
0.722222
0.511111
0.822222
0.844444
2.07778
0.911111
0.966667
0.722222
0.755556
0.788889
0.677778
0.566667
2.15556
0.744444
0.655556
0.755556
0.733333
1.41111
0.577778
0.722222
2.77778
0.611111
0.888889
0.566667
0.577778
0.744444
0.711111
2.52222
2.74444
0.666667
0.922222
0.5
0.6
0.733333
0.488889
1.76667
0.5
2.33333
0.666667
2.03333
0.622222
0.522222
0.611111
2.64444
0.833333
1.08889
0.733333
0.5
1.03333
2.56667
0.766667
2.96667
0.588889
0.777778
0.477778
0.955556
1.07778
0.488889
0.666667
0.7
2.14444
0.766667
0.833333
0.511111
0.6
0.644444
0.877778
0.677778
0.688889
0.666667
0.666667
0.7
0.566667
0.988889
2.25556
1.3
2.41111
0.644444
0.755556
0.622222
0.7
2.48889
1.05556
0.911111
0.855556
0.777778
0.488889
0.744444
0.8
0.722222
0.966667
0.855556
0.7
0.655556
0.722222
0.611111
0.733333
0.677778
0.8
2.21111
2.11111
2.63333
0.644444
0.555556
2.01111
0.511111
0.7
2.62222
0.877778
0.866667
0.822222
0.8
0.622222
2.73333
2.45556
0.7
2.53333
0.777778
0.577778
2.42222
1.31111
2.84444
0.566667
3.05556
2.47778
0.755556
0.622222
0.644444
0.833333
2.53333
0.622222
0.611111
2.87778
1.95556
0.833333
0.644444
0.722222
0.711111
2.78889
0.811111
0.722222
0.766667
2.05556
0.933333
0.8
2.64444
2.98889
2.76667
0.677778
2.76667
0.711111
0.522222
0.644444
0.877778
2.4
0.644444
1.68889
0.666667
0.8
0.677778
0.766667
0.411111
0.8
0.822222
0.944444
0.688889
1.06667
0.6
0.666667
0.755556
2.43333
0.644444
0.777778
0.511111
1.15556
2.65556
0.622222
2.64444
0.822222
1.27778
0.844444
0.611111
0.588889
0.622222
0.666667
0.522222
0.977778
0.722222
0.722222
2.45556
2.65556
0.7
0.7
0.788889
2.75556
0.744444
2.3
1
0.822222
0.633333
0.933333
0.633333
0.566667
1.91111
1.87778
2.36667
0.577778
0.7
2.91111
1.76667
1.13333
0.677778
2.36667
0.588889
0.711111
0.533333
0.833333
2.45556
