0
2.27778
0.6
2.71111
2.14444
0.633333
0.655556
0.988889
1.01111
0.6
1.35556
0.611111
0.6
0.866667
0.844444
0.566667
0.866667
2.93333
0.655556
0.866667
0.666667
0.811111
0.766667
0.644444
0.7
2.51111
0.633333
0.755556
0.511111
0.566667
0.7
0.511111
2.64444
0.822222
0.544444
0.555556
0.688889
0.622222
0.777778
1.36667
0.888889
0.511111
2.68889
0.844444
0.422222
0.511111
2.55556
0.811111
2.44444
0.855556
0.822222
0.811111
0.655556
0.577778
0.622222
0.611111
0.611111
0.611111
1.63333
0.788889
2.58889
1
0.688889
0.611111
0.688889
0.633333
0.722222
0.777778
0.866667
0.588889
0.844444
0.544444
0.588889
0.733333
0.655556
0.666667
0.766667
0.922222
0.755556
0.555556
2.63333
0.955556
0.944444
0.9
0.666667
0.711111
2.37778
0.688889
0.688889
0.466667
2.17778
1.08889
0.644444
1.98889
0.655556
0.777778
0.744444
0.555556
0.644444
0.577778
0.933333
0.622222
0.722222
0.744444
0.833333
0.766667
0.833333
0.744444
0.822222
0.755556
0.711111
0.766667
0.966667
0.666667
0.888889
2.8
0.622222
0.444444
0.611111
0.522222
0.722222
0.733333
0.544444
0.455556
0.677778
0.722222
0.433333
2.68889
0.577778
3.08889
0.944444
0.533333
0.655556
0.577778
0.533333
0.477778
0.688889
0.5
0.866667
0.622222
2.82222
0.533333
0.722222
0.644444
0.7
1
0.944444
0.8
0.622222
1.07778
2.04444
0.822222
0.688889
0.666667
0.755556
0.611111
2.5
1.18889
0.522222
0.866667
0.622222
1.98889
0.444444
0.6
0.788889
0.488889
0.822222
0.5
0.577778
0.766667
0.844444
0.511111
0.477778
1.03333
0.866667
2.68889
0.822222
0.688889
0.711111
0.511111
0.822222
0.822222
0.644444
0.744444
0.5
0.688889
0.522222
0.622222
0.622222
0.766667
0.8
0.9
0.833333
0.544444
0.855556
0.622222
0.566667
0.588889
2.92222
0.555556
0.922222
0.488889
0.888889
0.655556
0.733333
0.766667
0.477778
0.622222
2.57778
2.22222
0.744444
0.833333
0.833333
0.644444
0.788889
0.933333
0.644444
0.611111
0.633333
0.611111
0.522222
1.24444
2.81111
0.611111
0.433333
0.833333
0.644444
0.733333
2.44444
0.566667
0.677778
2.53333
0.722222
0.655556
0.655556
0.711111
0.755556
0.588889
0.766667
0.6
2.33333
1.01111
2.06667
0.666667
0.622222
0.7
0.733333
0.911111
0.711111
0.611111
1.93333
0.788889
2.72222
0.633333
0.655556
0.888889
0.544444
0.644444
0.744444
0.722222
0.655556
0.588889
0.788889
0.877778
0.755556
1.12222
0.688889
2.41111
0.666667
3.14444
0.588889
0.533333
0.977778
0.544444
0.466667
0.788889
0.622222
0.822222
0.8
0.6
1.12222
0.644444
0.966667
1.4
0.566667
0.988889
0.455556
0.811111
0.655556
0.777778
0.677778
0.944444
0.611111
0.577778
0.633333
0.466667
0.522222
0.733333
0.566667
0.688889
0.6
1.16667
0.611111
0.911111
0.866667
0.666667
0.755556
0.622222
0.577778
0.755556
0.833333
0.766667
0.811111
2.3
0.944444
2.48889
2.18889
1.73333
0.944444
0.6
0.644444
0.666667
0.566667
0.766667
0.688889
0.555556
0.666667
2.3
0.566667
1.67778
0.666667
2.58889
0.966667
0.566667
0.688889
0.711111
0.744444
0.555556
0.8
0.822222
0.788889
0.555556
0.955556
0.6
0.7
0.655556
0.855556
0.911111
1
0.9
0.666667
0.566667
0.766667
0.6
0.744444
0.588889
0.611111
0.833333
0.666667
0.777778
0.6
0.588889
0.877778
0.711111
0.8
1.01111
0.777778
0.611111
0.755556
0.811111
0.566667
0.588889
1.05556
0.855556
0.644444
0.555556
0.544444
0.644444
2.94444
0.422222
0.6
0.711111
0.655556
0.888889
0.8
0.577778
0.788889
0.766667
0.866667
0.6
1.56667
0.666667
0.633333
0.922222
0.866667
1.02222
0.788889
0.577778
0.966667
0.788889
0.711111
0.644444
2.38889
0.977778
0.577778
0.777778
3.05556
0.588889
0.577778
0.655556
0.4
0.811111
0.588889
0.666667
1
0.666667
0.722222
0.666667
0.755556
0.511111
0.822222
2.8
0.744444
0.788889
0.855556
0.911111
0.766667
0.7
0.588889
0.8
0.622222
1.11111
0.711111
0.744444
0.577778
0.822222
0.988889
0.766667
2.06667
0.7
0.722222
0.544444
0.455556
0.955556
0.8
2.58889
0.733333
0.822222
0.444444
0.933333
0.577778
0.8
0.511111
0.711111
2.46667
0.511111
0.633333
0.477778
0.822222
0.744444
0.722222
0.788889
0.644444
0.877778
0.833333
0.688889
0.688889
0.655556
0.877778
0.688889
0.544444
0.833333
0.755556
0.544444
0.688889
0.433333
0.711111
0.744444
0.766667
0.622222
0.577778
0.711111
0.777778
0.888889
2.18889
0.711111
0.922222
2.07778
0.511111
1.57778
0.6
0.744444
0.733333
0.777778
0.766667
0.833333
2.41111
2.91111
0.677778
0.677778
1.95556
0.533333
0.722222
0.955556
0.711111
0.744444
0.622222
0.644444
0.855556
0.8
0.911111
0.9
0.566667
0.555556
0.722222
0.688889
0.611111
0.577778
2.47778
0.844444
0.711111
2.57778
0.855556
0.6
1.02222
2.27778
1.98889
0.611111
0.822222
0.8
2.58889
0.722222
0.544444
0.777778
0.722222
0.888889
2.77778
0.611111
0.488889
0.888889
0.9
0.4
2.46667
0.644444
0.744444
0.6
0.688889
0.666667
0.711111
0.933333
0.644444
0.488889
0.6
0.888889
0.722222
0.488889
0.6
2.51111
0.466667
0.833333
0.788889
2.17778
0.7
0.6
0.7
0.544444
0.533333
0.744444
2.76667
0.611111
2.02222
0.677778
0.6
0.7
1.13333
1.83333
1.87778
0.522222
0.511111
0.688889
0.744444
0.8
2.73333
0.577778
2.48889
1.04444
0.911111
0.722222
0.511111
0.644444
0.433333
0.777778
0.444444
0.577778
2.22222
0.588889
1.04444
0.688889
0.533333
0.511111
0.533333
0.666667
0.744444
2.51111
0.766667
0.966667
0.666667
0.555556
0.522222
0.666667
0.555556
0.8
0.766667
0.544444
0.5
0.755556
0.533333
1.05556
0.711111
0.544444
0.611111
0.866667
0.811111
0.677778
0.577778
1.67778
0.533333
0.622222
1.15556
0.577778
0.766667
0.566667
0.533333
0.688889
0.711111
0.633333
2.04444
0.711111
0.588889
0.822222
0.722222
0.533333
1.27778
0.7
0.7
0.577778
0.922222
0.6
0.711111
0.533333
0.788889
0.588889
0.7
0.588889
0.611111
0.688889
0.688889
0.633333
0.566667
0.522222
0.7
2.83333
0.888889
0.833333
0.7
0.733333
0.611111
0.577778
0.533333
0.955556
2.86667
0.755556
0.655556
0.877778
0.811111
0.6
0.644444
0.977778
0.711111
0.666667
0.666667
0.7
0.7
2.68889
0.7
0.4
0.977778
1.93333
1.54444
0.522222
2.76667
2.07778
2.33333
0.611111
0.722222
0.566667
0.833333
0.755556
0.933333
0.766667
0.677778
0.788889
0.666667
0.677778
0.477778
0.666667
0.711111
0.677778
0.666667
0.533333
0.4
2.22222
0.777778
0.477778
0.566667
0.644444
2.03333
0.533333
2.55556
0.988889
0.9
0.966667
0.744444
0.788889
3.14444
0.633333
0.611111
0.677778
0.644444
0.877778
0.6
0.611111
0.933333
0.477778
2.71111
0.8
0.511111
0.588889
1.04444
2.54444
0.766667
0.877778
2.33333
0.533333
2.87778
0.655556
0.755556
0.655556
0.511111
0.722222
0.666667
0.511111
0.777778
2
0.588889
0.9
0.788889
0.744444
0.577778
2.87778
2.53333
0.9
2.84444
0.466667
0.844444
0.8
2.77778
0.588889
0.533333
0.722222
0.788889
0.677778
0.888889
0.655556
0.577778
2.93333
2.74444
0.733333
0.7
0.544444
2.36667
0.655556
0.622222
2.46667
0.777778
2.14444
0.711111
0.644444
0.622222
2.83333
2.32222
0.544444
0.644444
0.555556
0.533333
1.24444
0.666667
0.511111
0.666667
0.833333
2.6
0.588889
0.8
0.544444
0.677778
0.611111
0.555556
2.85556
0.744444
0.833333
0.677778
0.655556
0.522222
0.566667
0.6
0.944444
0.811111
0.611111
0.633333
0.522222
0.788889
0.566667
1.55556
0.633333
0.633333
2.71111
0.766667
2.31111
0.8
0.644444
0.744444
0.711111
1.06667
0.622222
0.522222
0.744444
0.866667
0.688889
0.655556
0.911111
0.655556
0.677778
2.68889
0.7
0.677778
0.877778
0.544444
2.58889
0.522222
0.655556
0.8
0.866667
0.733333
0.622222
0.611111
0.8
0.577778
0.666667
0.622222
0.455556
0.611111
0.522222
0.722222
0.444444
0.577778
0.877778
0.766667
0.544444
0.611111
0.822222
0.644444
0.788889
0.877778
0.688889
0.677778
0.644444
0.933333
2.26667
2.88889
0.722222
0.711111
0.688889
0.822222
2.53333
0.688889
0.633333
0.533333
3.02222
0.5
0.944444
0.588889
0.633333
0.811111
0.555556
0.7
2.37778
0.544444
0.644444
0.5
0.588889
0.633333
0.7
0.588889
0.722222
0.633333
0.622222
0.788889
0.6
0.744444
0.555556
0.833333
0.622222
0.633333
0.722222
2.9
2.53333
0.666667
0.722222
0.7
0.633333
0.533333
0.744444
0.611111
0.566667
0.755556
0.544444
0.588889
2.5
1.54444
0.566667
3.05556
0.688889
3.2
0.777778
0.577778
0.744444
0.633333
0.6
0.655556
1.67778
0.866667
0.611111
2.51111
0.644444
0.655556
0.7
2.13333
0.477778
0.622222
0.677778
0.622222
0.411111
0.622222
0.744444
0.822222
0.866667
0.633333
0.555556
2.05556
0.911111
0.555556
0.7
0.811111
0.566667
0.522222
2.98889
0.711111
2.07778
1.5
0.744444
0.544444
0.655556
0.633333
0.533333
0.722222
0.733333
0.788889
0.777778
0.611111
0.855556
0.5
1.02222
2.61111
0.744444
0.611111
0.455556
0.577778
0.444444
2.8
2.75556
0.688889
0.844444
0.955556
1.97778
0.522222
2.65556
0.711111
0.666667
0.611111
0.722222
