0
0.8
0.622222
0.633333
0.611111
0.444444
0.755556
0.7
0.555556
0.822222
0.777778
0.5
0.655556
0.755556
0.677778
0.577778
0.766667
1.01111
0.677778
0.588889
0.944444
0.722222
0.655556
0.711111
0.733333
0.677778
0.588889
0.677778
0.666667
0.566667
0.866667
0.7
0.533333
0.677778
0.777778
0.555556
0.477778
0.755556
0.944444
0.555556
0.9
0.844444
0.533333
0.766667
0.588889
0.666667
0.9
0.677778
0.533333
0.655556
0.588889
0.855556
0.6
0.744444
0.7
0.855556
0.744444
0.722222
0.6
0.8
0.555556
0.722222
0.8
0.955556
0.733333
0.411111
0.677778
0.5
0.777778
0.688889
0.8
0.677778
0.722222
2.51111
0.622222
0.433333
0.922222
0.677778
0.855556
0.544444
0.7
0.866667
0.688889
0.688889
0.811111
0.833333
0.655556
0.655556
0.577778
0.655556
0.455556
0.5
0.522222
0.677778
0.455556
0.788889
0.411111
0.755556
0.855556
0.922222
0.5
0.588889
0.788889
0.633333
0.544444
0.455556
0.688889
0.9
0.566667
0.655556
0.666667
0.677778
0.777778
0.566667
0.455556
0.644444
0.611111
0.577778
0.677778
0.522222
0.711111
0.677778
0.855556
0.633333
0.666667
0.711111
0.588889
0.977778
0.788889
0.944444
0.5
3.06667
0.855556
0.733333
0.477778
0.666667
0.666667
0.655556
0.522222
0.5
0.666667
1.04444
1.2
1.28889
0.611111
0.655556
0.866667
0.866667
0.811111
0.555556
0.544444
0.544444
0.511111
0.733333
0.666667
0.566667
0.555556
0.566667
0.522222
0.633333
0.588889
0.644444
0.588889
0.788889
0.844444
0.888889
0.588889
0.588889
0.577778
0.688889
0.433333
0.655556
0.666667
0.633333
0.566667
0.544444
0.533333
0.733333
0.811111
0.588889
0.377778
0.366667
0.633333
0.577778
0.766667
0.711111
0.755556
0.555556
0.644444
0.777778
0.588889
0.911111
0.611111
0.522222
0.666667
0.688889
0.644444
0.711111
0.588889
0.733333
0.611111
0.566667
0.611111
0.711111
0.677778
1.07778
0.711111
0.666667
0.555556
0.7
0.6
0.677778
0.588889
0.555556
0.766667
1.02222
0.777778
0.888889
0.611111
0.422222
0.633333
0.744444
0.6
0.577778
0.566667
0.722222
1.01111
0.911111
0.588889
0.622222
0.822222
0.611111
0.611111
0.444444
0.833333
0.8
0.6
0.666667
0.666667
0.577778
0.722222
0.866667
1.16667
0.555556
0.777778
0.444444
0.711111
0.866667
0.766667
0.833333
0.666667
0.711111
0.533333
0.755556
0.533333
0.844444
0.611111
0.744444
0.5
0.633333
0.733333
0.644444
0.777778
0.788889
0.588889
0.6
0.788889
0.911111
0.6
0.755556
2.63333
0.688889
0.5
0.633333
0.688889
0.711111
0.722222
0.711111
0.944444
0.722222
2.72222
1.2
0.522222
0.622222
0.7
0.644444
0.466667
0.533333
0.911111
2.23333
0.533333
0.644444
0.655556
0.766667
0.633333
0.855556
0.566667
0.744444
0.522222
0.566667
0.766667
0.811111
0.6
0.633333
0.6
0.333333
0.355556
0.588889
0.855556
0.966667
0.888889
0.588889
0.688889
0.622222
0.577778
0.855556
0.811111
0.844444
0.555556
0.766667
0.544444
0.7
0.844444
0.766667
0.644444
0.555556
0.622222
0.577778
0.566667
0.644444
0.888889
0.611111
0.611111
0.755556
0.488889
0.755556
0.811111
0.7
0.544444
0.466667
0.622222
0.788889
1.31111
0.633333
2.71111
0.6
2.95556
0.544444
0.622222
0.544444
0.633333
0.622222
0.555556
0.755556
0.888889
0.6
0.655556
0.533333
0.777778
0.844444
0.544444
0.755556
0.666667
0.666667
0.622222
0.755556
0.688889
0.611111
0.633333
1.13333
0.533333
0.766667
0.566667
0.777778
0.533333
0.866667
0.555556
0.9
0.477778
0.522222
0.488889
0.577778
0.666667
0.777778
0.644444
0.688889
0.888889
0.566667
0.377778
0.8
0.588889
0.855556
0.711111
0.622222
0.6
0.633333
0.711111
0.5
0.611111
0.755556
0.544444
0.733333
0.644444
0.722222
0.788889
0.588889
0.666667
0.666667
0.722222
0.8
0.711111
0.8
0.655556
0.688889
0.833333
0.933333
0.855556
0.822222
1
0.844444
0.677778
0.733333
0.744444
0.622222
0.866667
0.722222
0.688889
0.711111
0.466667
0.722222
0.833333
0.666667
0.522222
0.711111
2.23333
0.555556
0.955556
0.833333
0.666667
0.511111
0.511111
0.855556
0.688889
0.533333
0.8
0.611111
0.588889
0.577778
0.811111
0.8
0.666667
0.666667
0.488889
0.888889
0.488889
0.6
0.744444
0.544444
0.588889
0.566667
0.666667
0.588889
2.12222
0.611111
0.8
0.788889
0.611111
0.622222
0.822222
1.5
0.777778
0.7
0.577778
0.533333
0.622222
0.788889
0.555556
0.5
0.644444
0.733333
0.6
0.655556
0.466667
0.733333
0.722222
0.522222
0.611111
0.5
0.522222
0.622222
0.544444
0.944444
0.577778
0.811111
0.8
0.677778
0.5
0.722222
0.577778
0.711111
2.57778
0.666667
0.866667
0.877778
0.711111
0.722222
0.855556
0.788889
0.555556
0.588889
0.688889
0.811111
0.7
0.5
0.644444
0.688889
0.588889
0.666667
0.822222
0.644444
0.6
2.66667
0.588889
0.555556
0.788889
0.6
0.4
0.644444
0.655556
0.666667
0.644444
0.766667
0.744444
0.6
0.722222
0.622222
0.622222
0.677778
0.566667
0.788889
1.02222
0.811111
0.866667
0.444444
0.422222
0.544444
0.644444
0.455556
0.811111
0.622222
0.588889
0.555556
0.677778
0.988889
0.655556
0.566667
0.533333
0.388889
0.677778
0.566667
0.444444
0.722222
0.533333
0.688889
0.5
0.588889
0.611111
0.677778
0.722222
0.866667
0.533333
0.655556
0.622222
0.544444
0.711111
0.711111
0.9
0.866667
0.666667
0.877778
0.655556
0.744444
0.577778
0.533333
0.688889
0.533333
0.633333
0.688889
0.833333
0.611111
0.733333
0.6
1.02222
0.588889
0.688889
0.766667
0.644444
0.722222
0.722222
0.511111
0.588889
0.755556
0.766667
0.533333
0.611111
0.555556
0.611111
0.6
0.6
0.688889
0.633333
0.533333
0.544444
0.555556
0.488889
0.555556
0.9
0.455556
0.577778
0.455556
0.855556
0.966667
0.555556
0.666667
0.522222
0.833333
0.611111
0.811111
0.522222
0.811111
0.533333
0.744444
0.544444
0.777778
0.911111
0.622222
0.666667
0.577778
0.477778
0.611111
0.422222
0.444444
0.633333
0.644444
0.588889
0.488889
0.877778
0.744444
0.622222
0.622222
0.822222
0.555556
0.6
0.533333
0.655556
2.41111
0.9
0.766667
0.811111
0.611111
0.577778
0.666667
0.688889
0.477778
0.644444
0.522222
0.533333
0.688889
0.455556
0.544444
0.766667
1.01111
1.08889
0.777778
0.711111
0.555556
0.688889
0.722222
0.777778
0.666667
0.588889
0.644444
0.877778
0.666667
0.644444
0.577778
0.655556
3.02222
0.666667
0.544444
0.6
0.666667
0.611111
0.555556
0.766667
0.644444
0.533333
0.566667
0.777778
0.655556
0.588889
0.633333
0.511111
0.644444
0.544444
0.677778
0.722222
1.03333
0.655556
0.777778
0.755556
0.688889
0.711111
0.577778
0.777778
0.755556
0.388889
0.6
0.611111
0.6
0.466667
0.522222
0.577778
0.466667
0.633333
0.788889
0.688889
0.655556
0.422222
2.65556
0.533333
0.666667
0.8
0.522222
0.544444
0.811111
0.655556
0.666667
1.77778
0.811111
0.766667
2.11111
0.611111
0.411111
0.688889
0.622222
0.911111
0.6
0.7
0.577778
0.866667
0.622222
0.511111
0.855556
0.533333
0.6
0.622222
0.577778
0.5
0.811111
0.655556
0.877778
0.7
0.811111
0.533333
0.533333
0.622222
0.466667
0.666667
0.666667
0.655556
0.677778
0.577778
0.655556
0.755556
0.733333
0.7
1.15556
0.644444
0.711111
0.577778
0.588889
0.555556
0.677778
0.7
0.855556
0.711111
0.6
0.666667
0.566667
0.888889
0.844444
1.04444
0.788889
0.633333
0.455556
0.788889
0.744444
0.922222
0.466667
0.7
0.488889
0.6
0.744444
0.744444
0.6
0.8
0.844444
0.577778
0.911111
0.866667
0.788889
0.588889
2.28889
0.677778
0.722222
0.811111
0.566667
0.633333
0.577778
0.755556
0.755556
0.444444
0.633333
0.611111
0.755556
0.388889
0.688889
0.633333
2.2
0.633333
0.7
0.622222
0.477778
0.577778
0.466667
0.644444
0.9
0.811111
2.8
0.966667
0.833333
0.444444
1.45556
1.01111
0.733333
0.644444
0.544444
0.977778
0.8
0.833333
0.655556
0.388889
0.666667
0.711111
0.7
1.02222
0.788889
0.633333
0.666667
0.988889
0.522222
0.6
0.633333
0.822222
0.622222
0.477778
0.933333
0.922222
0.988889
0.644444
0.644444
0.822222
0.633333
0.788889
1.02222
0.711111
0.8
0.533333
0.6
0.644444
0.533333
0.722222
0.733333
0.511111
0.666667
0.611111
0.722222
0.711111
0.655556
0.611111
0.6
0.7
0.677778
0.7
0.355556
0.555556
0.655556
0.444444
0.6
0.577778
0.555556
0.733333
0.633333
0.877778
0.733333
1.01111
0.688889
0.533333
0.577778
0.7
0.722222
0.444444
0.577778
0.577778
0.666667
0.844444
0.811111
0.6
0.844444
0.888889
0.633333
0.555556
0.688889
1.04444
0.822222
0.455556
0.633333
0.8
0.744444
0.6
0.622222
0.7
0.622222
0.666667
0.444444
0.844444
0.711111
0.7
0.677778
0.777778
0.555556
0.766667
0.644444
0.588889
0.555556
0.644444
0.6
0.888889
0.777778
0.566667
0.833333
0.766667
0.455556
0.877778
0.955556
0.644444
0.466667
0.711111
0.811111
0.533333
0.866667
0.577778
0.766667
0.433333
0.6
0.544444
0.522222
0.633333
0.633333
0.7
0.455556
0.7
0.7
0.555556
0.577778
0.611111
0.8
0.711111
0.611111
0.711111
0.488889
0.544444
1.38889
0.733333
2.35556
0.844444
0.5
0.588889
0.488889
0.477778
0.788889
0.6
0.744444
0.466667
0.577778
0.566667
0.722222
0.622222
0.777778
