0
2.07778
2.53333
2.64444
0.811111
2.36667
2.71111
3.01111
2.84444
2.17778
2.64444
2.61111
2.48889
2.61111
2.83333
0.633333
2.94444
2.55556
2.18889
2.74444
2.95556
2.54444
2.55556
2.37778
2.66667
2.36667
2.3
2.67778
2.62222
2.54444
2.57778
2.38889
2.78889
2.56667
2.58889
2.58889
2.03333
1.73333
2.85556
3.28889
2.77778
2.64444
0.5
3.05556
2.28889
0.488889
1.84444
2.71111
2.92222
2.74444
2.62222
2.6
2.48889
1.71111
2.78889
2.16667
2.84444
2.54444
2.75556
2.47778
2.27778
2.64444
2.57778
2.3
2.35556
2.55556
2.31111
2.38889
2.72222
0.622222
2.84444
2.23333
0.588889
3.02222
1.75556
2.4
2.32222
2.48889
2.76667
2.72222
3.04444
2.13333
2.74444
2.75556
2.54444
2.75556
2.46667
2.64444
2.87778
2.47778
2.44444
2.85556
2.53333
2.76667
2.74444
2.54444
3.41111
3.04444
2.54444
2.68889
2.55556
2.51111
1.63333
2.97778
2.33333
1.65556
1.35556
2.75556
0.622222
2.56667
2.96667
2.96667
2.55556
2.05556
2.61111
2.38889
2.78889
0.933333
2.85556
2.3
2
0.766667
2.65556
2.28889
2.48889
2.12222
1.35556
1.4
2.07778
2.65556
1.68889
2.53333
2.24444
2.55556
2.6
2.64444
2.32222
2.1
2.77778
2.5
0.511111
2.97778
0.666667
1.22222
3.11111
2.7
2.81111
2.36667
0.811111
0.711111
1.82222
2.8
2.38889
3.04444
0.633333
3.12222
2.52222
0.6
1.58889
2.55556
2.41111
2.61111
2.23333
2.75556
2.35556
2.14444
2.76667
2.64444
1.58889
2.3
2.94444
2.35556
2.77778
2.38889
2.25556
0.533333
2.87778
2.18889
2.83333
2.27778
1.95556
2.81111
2.4
2.3
3.03333
2.5
2.46667
3.1
2.26667
2.27778
1.92222
2.6
2.48889
2.74444
2.64444
2.73333
2.47778
2.51111
1.83333
2.58889
0.844444
2.05556
2.54444
2.73333
1.31111
2.71111
2.55556
2.53333
2.63333
3.07778
2.66667
2.33333
0.888889
2.61111
2.9
3.01111
2.9
2.45556
1.81111
1.72222
2.88889
2.53333
2.41111
0.911111
0.777778
2.64444
2.98889
2.36667
2.55556
2.24444
2.46667
2.65556
2.5
2.53333
2.31111
2.86667
2.13333
2.23333
2.42222
2.62222
2.52222
2.78889
2.52222
2.58889
2.32222
1.87778
1.16667
2.87778
2.44444
2.71111
0.933333
2.7
2.48889
2.9
0.722222
2.72222
1.44444
3.23333
3.28889
2.56667
2.54444
2.53333
0.9
1.63333
0.733333
1.08889
0.988889
1.7
0.5
3
2.85556
2.58889
2.72222
2.77778
2.92222
2.91111
2.3
1.14444
2.73333
2.68889
2.53333
3.02222
2.67778
2.63333
2.56667
2.34444
0.622222
2.85556
2.2
2.56667
2.44444
2.81111
2.77778
2.51111
2.78889
3.24444
2.86667
2.58889
3.17778
2.58889
0.944444
2.65556
2.83333
1.05556
2.9
2.78889
2.83333
0.566667
2.83333
2.84444
2.12222
2.9
2.46667
0.888889
0.644444
2.63333
2.41111
2.92222
2.34444
2.85556
2.33333
2.83333
2.72222
2.38889
3.03333
2.4
1.63333
2.93333
2.17778
2.04444
1.91111
2.82222
3.02222
0.544444
0.622222
2.22222
2.71111
2.44444
2.8
2.48889
2.83333
2.45556
2.92222
3.06667
2.72222
2.46667
2.53333
0.766667
2.57778
2.12222
2.84444
1.56667
1.57778
2.73333
0.766667
2.44444
1.27778
2.83333
2.84444
2.1
2.07778
2.65556
1.02222
2.74444
2.91111
2.72222
2.11111
0.577778
2.92222
2.33333
1.62222
2.31111
3.05556
3.23333
1.13333
2.84444
2.3
1.8
0.711111
2.05556
1.87778
2.56667
2.83333
2.24444
2.06667
2.54444
2.57778
2.66667
3.06667
0.755556
2.54444
2.57778
0.711111
2.28889
0.811111
2.21111
2.61111
2.83333
2.81111
3.01111
2.8
2.08889
2.16667
2.84444
2.2
2.75556
0.788889
2.46667
2.71111
2.84444
1.96667
2.83333
2.38889
2.63333
2.67778
2.5
2.51111
0.777778
2.7
2.5
2.33333
2.22222
2.25556
2.15556
3.02222
1.36667
2.75556
0.733333
2.23333
2.33333
2.36667
2.43333
2.25556
2.25556
2.88889
2.77778
2.21111
2.65556
2.56667
2.26667
2.62222
2.52222
0.766667
2.48889
2.93333
0.822222
1.85556
1.73333
2.61111
2.2
0.922222
2.28889
2.08889
2.21111
2.81111
2.87778
2.54444
2.61111
2.54444
2.75556
2.62222
2.8
2.36667
0.588889
2.45556
2.45556
2.42222
2.11111
2.82222
2.73333
2.76667
2.6
2.41111
2.78889
2.16667
3.03333
0.766667
1.25556
2.98889
2.44444
2.46667
3.2
2.76667
2.64444
0.944444
2.04444
2.54444
2.08889
3.22222
2.83333
2.58889
2.57778
0.655556
2.53333
2.96667
2.38889
2.57778
2.52222
2.75556
2.56667
2.66667
2.64444
2.45556
2.62222
1.86667
2.72222
2.94444
2.05556
2.77778
2.72222
2.92222
2.8
2.91111
2.17778
3.06667
1.67778
0.744444
2.54444
2.36667
2.92222
1.82222
2.25556
2.95556
1.68889
2.64444
2.5
2.98889
0.844444
2.5
2.93333
2.65556
2.66667
2.61111
2.33333
2.37778
2.28889
2.76667
2.45556
2.95556
2.66667
0.855556
2.63333
3.07778
2.1
2.35556
2.71111
2.57778
2.86667
2.63333
0.555556
3.2
1
2.43333
2.87778
2.62222
2.4
2.82222
2.18889
2.51111
2.54444
2.31111
2.66667
2.63333
2.06667
2.92222
2.81111
2.31111
2.67778
3.07778
2.51111
2.33333
1
1.03333
2.6
2.67778
2.37778
1.33333
2.55556
2.86667
2.12222
1.32222
2.88889
2.5
0.766667
1.98889
2.6
2.83333
2.32222
2.73333
2.22222
1.52222
2.35556
2.34444
2.32222
2.57778
2.2
0.688889
0.911111
2.48889
2.85556
3.06667
2.4
2.54444
2.76667
2.55556
3.03333
2.56667
2.37778
2.6
2.56667
0.9
2.52222
2.57778
2.43333
2.26667
3.05556
2.22222
2.68889
2.18889
2.7
3.22222
3.01111
2.91111
0.922222
2.71111
2.23333
0.611111
2.88889
2.66667
2.85556
3.12222
2.71111
3
2.42222
2.61111
2.03333
2.83333
2.75556
2.8
2.5
2.57778
2.76667
3.05556
2.93333
2.18889
2.94444
2.18889
2.27778
3.12222
1.85556
2.74444
1.61111
2.3
2.37778
2.47778
2.26667
2.72222
2.13333
1.71111
1.96667
2.12222
2.67778
2.6
2.62222
2.36667
2.66667
2.55556
2.76667
2.81111
2.34444
2.74444
3.01111
2.42222
2.61111
2.38889
2.46667
2.54444
2.64444
2.61111
2.75556
2.53333
2.32222
2.57778
2.47778
2.71111
2.46667
2.46667
1.34444
2.35556
0.677778
2.83333
2.03333
2.82222
3.01111
1.95556
2.26667
2.8
2.68889
2.61111
0.944444
2.61111
2.37778
2.78889
2.57778
2.6
2.2
1.95556
2.67778
2.85556
2.61111
2.9
2.6
0.9
2.77778
3.01111
2.63333
2.85556
3.02222
2.66667
3.04444
2.1
2.7
2.81111
2.47778
2.92222
1.47778
2.33333
0.844444
2.27778
2.4
2.75556
0.477778
2.73333
2.65556
2.63333
2.86667
2.76667
2.83333
2.67778
2.45556
2.12222
2.66667
2.45556
2.91111
2.91111
1.76667
2.6
2.88889
1.3
2.94444
2.53333
2.84444
2.84444
2.68889
2.57778
2.77778
2.13333
2.82222
2.58889
2.83333
2.14444
2.28889
2.28889
2.84444
2.52222
2.62222
0.511111
2.91111
2.31111
2.53333
1.83333
2.66667
2.32222
2.91111
2.2
2.54444
2.25556
1.98889
0.988889
2.38889
2.73333
1.84444
2.61111
2.22222
2.43333
2.61111
2.55556
2.83333
2.21111
2.81111
2.61111
2.72222
2.14444
2.78889
2.16667
2.98889
2.66667
1.98889
2.41111
2.64444
2.47778
1.01111
2.5
2.48889
2.74444
2.81111
0.666667
2.64444
2.8
2.72222
2.54444
2.65556
2.53333
2.94444
0.588889
2.61111
2.45556
2.7
2.87778
2.75556
2.72222
2.82222
2.67778
2.41111
2.37778
2.54444
2.77778
2.42222
3.33333
2.15556
2.92222
2.73333
1.91111
0.555556
2.58889
2.32222
2.52222
2.43333
2.14444
2.27778
2.68889
2.42222
2.17778
2.72222
2.81111
3.04444
2.91111
2.61111
2.1
1.73333
2.38889
0.833333
0.966667
2.01111
2.45556
0.544444
2.38889
2.76667
2.85556
2.44444
2.44444
2.74444
2.68889
2.61111
1.77778
2.18889
2.42222
2.91111
2.78889
2.11111
2.73333
3.1
2.56667
2.65556
2.95556
2.51111
2.03333
3.01111
2.04444
2.91111
2.22222
2.31111
2.74444
2.7
2.72222
2.82222
2.72222
2.64444
2.6
2.87778
2.5
2.87778
2.15556
2.87778
2.83333
1.03333
2.36667
2.38889
2.45556
1.96667
2.81111
2.67778
3.22222
2.08889
2.77778
3.32222
2.88889
2.08889
2.27778
2.57778
2.46667
2.67778
1.87778
3.01111
2.37778
2.35556
3.06667
2.03333
0.766667
2.41111
3
2.41111
2.33333
2.8
3
2.56667
2.25556
2.6
2.35556
2.96667
0.955556
3.02222
1.04444
2.52222
2.55556
2.68889
2.87778
2.67778
2.81111
2.67778
2.74444
2.47778
2.62222
1.78889
2.33333
2.7
2.54444
2.36667
2.95556
2.23333
2.75556
2.55556
3.21111
2.37778
1.91111
2.35556
2.17778
2.14444
3.24444
2.38889
2.43333
2.71111
3.05556
2.74444
2.65556
2.4
2.53333
2.54444
2.33333
2.55556
1.58889
0.733333
2.64444
2.83333
2.21111
2.42222
0.555556
2.66667
2.23333
0.777778
3.06667
2.17778
2.87778
2.41111
2.17778
2.87778
2.78889
2.21111
2.82222
2.56667
2.76667
2.65556
2.35556
1.2
2.97778
2.7
2.26667
2.55556
2.25556
2.85556
