0
0.777778
0.588889
0.533333
0.655556
0.566667
0.733333
0.955556
0.488889
0.766667
0.844444
0.633333
0.522222
0.622222
0.866667
0.633333
0.533333
0.722222
0.555556
0.5
2.12222
2.74444
2.65556
2.41111
0.611111
1.32222
0.611111
0.633333
0.711111
0.655556
0.588889
0.466667
0.466667
0.677778
0.811111
0.677778
1.02222
0.588889
2.65556
0.6
0.611111
0.766667
0.722222
0.6
0.611111
0.533333
1.43333
0.966667
0.488889
0.611111
0.622222
2.81111
0.566667
0.466667
0.7
2.52222
0.788889
0.777778
2.81111
0.544444
0.722222
0.744444
0.688889
0.644444
0.722222
1.05556
0.611111
0.7
0.9
0.633333
0.611111
0.555556
0.522222
0.722222
0.344444
0.588889
2.31111
0.688889
0.811111
0.944444
2.47778
0.577778
0.711111
0.411111
0.666667
0.622222
0.855556
0.611111
0.655556
0.633333
0.711111
1.13333
0.622222
0.811111
1.77778
0.488889
0.588889
0.644444
0.922222
0.711111
0.877778
2.98889
0.644444
1.05556
0.944444
2.37778
0.577778
0.866667
2.83333
0.722222
0.744444
0.6
2.04444
0.966667
0.577778
0.633333
0.755556
0.988889
0.555556
2.08889
0.833333
0.611111
0.588889
0.9
0.844444
0.611111
0.955556
0.5
0.766667
0.833333
0.833333
0.666667
0.855556
0.766667
0.622222
0.655556
0.877778
0.722222
0.844444
0.555556
0.666667
0.877778
0.988889
0.644444
0.733333
0.744444
0.822222
0.577778
0.622222
0.5
2.31111
0.622222
0.733333
0.666667
0.7
2.56667
0.855556
0.733333
0.855556
0.722222
0.588889
0.722222
0.5
0.555556
2.62222
0.711111
0.588889
0.822222
0.7
0.444444
0.466667
0.466667
0.466667
0.877778
2.25556
0.544444
0.844444
0.633333
2.84444
0.622222
0.733333
0.644444
0.666667
0.755556
0.777778
0.644444
1.16667
0.4
0.588889
0.455556
0.722222
0.744444
0.822222
0.666667
0.833333
0.5
0.633333
0.711111
0.644444
0.711111
0.877778
0.766667
0.622222
0.811111
0.733333
0.666667
0.866667
2.13333
0.8
0.544444
0.944444
0.877778
0.822222
1.11111
0.633333
0.688889
0.577778
2.67778
0.611111
0.6
0.566667
0.5
1.2
0.911111
0.555556
0.633333
0.844444
0.544444
0.6
0.522222
0.7
0.722222
0.755556
0.777778
0.611111
0.644444
0.822222
0.477778
0.944444
2.12222
0.733333
0.722222
0.766667
0.522222
0.777778
0.822222
0.744444
0.511111
0.911111
0.822222
0.633333
0.688889
0.9
0.611111
0.766667
0.922222
0.788889
1.67778
0.711111
0.722222
0.977778
0.644444
0.4
0.644444
0.611111
0.544444
0.455556
0.611111
0.588889
0.844444
0.6
0.711111
0.633333
0.833333
0.833333
0.777778
0.655556
0.888889
0.744444
0.633333
0.844444
0.9
0.633333
0.577778
0.5
0.711111
0.455556
0.6
0.755556
0.711111
0.622222
0.488889
0.455556
0.755556
2.83333
0.788889
0.644444
0.755556
0.622222
1.08889
0.755556
0.566667
0.622222
0.788889
0.922222
0.622222
1.02222
0.666667
0.677778
0.577778
0.511111
0.5
0.611111
0.644444
0.788889
0.611111
0.588889
0.866667
0.7
0.533333
0.722222
0.777778
0.622222
0.777778
0.5
0.533333
1.38889
0.488889
0.577778
2.28889
0.766667
0.755556
1.11111
0.511111
0.655556
1.06667
0.688889
0.788889
2.05556
0.511111
0.611111
1.96667
0.766667
0.622222
0.933333
0.577778
0.566667
0.877778
0.655556
2.91111
1.03333
0.611111
0.7
0.644444
0.644444
0.477778
0.766667
1.01111
0.6
0.5
0.622222
0.633333
0.722222
0.566667
0.622222
0.388889
0.455556
0.755556
0.533333
0.822222
0.788889
0.477778
2.26667
0.7
0.511111
0.655556
1.01111
0.855556
0.5
0.655556
0.877778
0.655556
0.455556
0.544444
0.855556
0.766667
0.866667
0.566667
0.688889
0.722222
0.444444
0.611111
0.622222
0.744444
0.666667
0.633333
0.577778
0.866667
0.788889
0.822222
0.633333
0.477778
0.711111
0.644444
0.555556
0.7
0.544444
2.34444
0.633333
0.722222
0.511111
0.922222
0.888889
0.577778
0.744444
0.7
0.555556
0.811111
0.666667
2.51111
0.955556
0.566667
0.611111
0.5
0.866667
0.7
0.477778
0.511111
0.622222
2.67778
0.655556
0.666667
0.844444
2.52222
0.488889
0.677778
2.25556
0.566667
0.611111
0.666667
0.622222
0.588889
1.02222
0.622222
0.511111
0.6
0.577778
0.711111
0.766667
0.755556
1.68889
0.588889
0.544444
0.811111
0.7
0.688889
0.877778
0.877778
0.677778
0.611111
0.533333
0.622222
0.766667
2.93333
0.844444
0.966667
0.644444
0.911111
0.622222
0.566667
0.611111
1.04444
0.7
0.611111
0.5
0.711111
0.611111
0.522222
0.644444
0.911111
0.644444
0.466667
0.544444
0.777778
0.766667
0.777778
0.677778
0.755556
1.4
0.777778
0.588889
0.6
0.577778
2.95556
0.722222
0.933333
1.03333
0.544444
0.788889
1.12222
0.533333
0.655556
0.511111
1.07778
0.555556
0.744444
0.644444
0.766667
0.655556
2.85556
0.666667
0.455556
2.47778
0.655556
0.711111
0.844444
0.911111
0.8
2.53333
0.677778
0.933333
0.755556
0.755556
0.4
0.622222
0.677778
1
0.611111
2.36667
0.622222
1.01111
1.18889
1.01111
0.533333
0.888889
0.866667
0.766667
0.688889
2.4
0.566667
0.566667
0.788889
0.855556
0.711111
0.788889
0.644444
0.9
0.388889
0.711111
0.522222
0.744444
0.577778
0.744444
0.811111
0.744444
0.588889
0.733333
0.633333
0.7
0.744444
0.555556
0.7
0.833333
2.97778
1.57778
2.55556
0.666667
0.744444
0.566667
0.811111
0.555556
1.04444
0.677778
0.644444
0.533333
0.811111
0.644444
0.533333
0.722222
0.544444
0.722222
0.622222
0.755556
0.455556
0.844444
0.411111
0.6
0.766667
1.05556
0.566667
0.733333
0.566667
0.766667
0.5
0.744444
0.644444
0.833333
1.24444
0.688889
0.733333
0.688889
0.688889
0.733333
0.688889
0.588889
0.911111
0.955556
0.544444
0.7
2.32222
0.7
0.666667
0.722222
0.744444
0.688889
0.566667
0.577778
0.577778
1.06667
2.8
0.677778
0.911111
0.544444
0.977778
0.755556
0.922222
0.811111
0.522222
0.822222
0.555556
0.622222
0.644444
0.533333
0.8
0.777778
0.711111
0.7
0.688889
0.833333
0.577778
0.911111
0.811111
0.733333
0.577778
0.344444
0.577778
0.588889
0.866667
0.555556
0.666667
0.577778
0.755556
0.755556
0.966667
0.788889
0.511111
2.43333
0.677778
0.566667
1.11111
0.755556
1.06667
0.477778
0.688889
0.666667
0.522222
0.655556
0.544444
0.777778
0.877778
0.811111
0.655556
0.722222
0.833333
0.677778
0.7
2.82222
0.766667
0.711111
0.777778
0.522222
0.566667
0.377778
0.844444
0.855556
0.677778
0.622222
0.544444
0.722222
0.666667
0.622222
0.744444
2.77778
0.622222
0.677778
0.711111
0.744444
0.611111
0.544444
0.766667
1
0.7
0.833333
0.888889
0.633333
0.866667
0.888889
0.688889
0.755556
0.5
2.71111
0.744444
0.9
0.566667
0.633333
0.611111
0.622222
0.722222
0.566667
0.766667
2.34444
0.677778
0.822222
0.544444
2.96667
0.555556
0.655556
0.7
0.755556
1.08889
0.844444
0.788889
0.755556
0.588889
0.811111
0.711111
0.8
0.755556
1.1
0.522222
1.64444
0.544444
0.622222
0.511111
0.722222
0.533333
0.7
0.855556
0.688889
0.711111
0.744444
0.544444
1.15556
0.811111
0.566667
0.688889
0.844444
0.455556
0.722222
0.733333
0.511111
0.744444
0.744444
0.522222
0.677778
0.511111
0.555556
0.9
2.66667
0.655556
0.811111
0.388889
0.866667
0.522222
0.7
0.644444
0.511111
0.522222
0.666667
0.744444
0.922222
0.666667
0.7
0.677778
0.555556
0.722222
1.44444
0.566667
0.611111
0.588889
0.588889
0.5
3.44444
0.577778
0.588889
0.766667
0.544444
0.611111
0.577778
2.62222
2.75556
1.03333
0.588889
1.24444
0.633333
0.788889
1.14444
0.933333
2.81111
2.5
0.744444
0.655556
0.577778
0.977778
0.577778
0.866667
2.46667
0.9
0.477778
0.655556
0.744444
0.633333
0.666667
0.844444
2.11111
0.8
0.9
0.588889
0.766667
0.522222
0.655556
0.722222
0.7
0.666667
0.533333
0.577778
0.633333
0.822222
0.544444
0.644444
0.744444
0.511111
0.588889
0.888889
0.511111
0.544444
0.922222
0.688889
0.877778
1.17778
3.02222
0.744444
0.633333
0.588889
0.622222
2.55556
0.822222
0.677778
0.533333
2.61111
0.711111
1.03333
0.533333
2.37778
0.722222
0.755556
0.7
1.9
0.566667
0.655556
0.7
0.555556
0.688889
0.6
0.455556
0.755556
0.655556
0.677778
0.744444
0.922222
0.844444
0.677778
0.566667
0.511111
0.677778
0.744444
0.622222
0.688889
0.522222
0.666667
0.6
0.711111
0.688889
0.622222
0.866667
0.833333
2.57778
0.522222
1.14444
0.633333
0.755556
0.377778
0.955556
0.533333
0.666667
0.933333
0.755556
0.633333
0.588889
0.7
0.588889
0.677778
0.633333
0.522222
0.7
0.688889
0.566667
0.344444
0.755556
0.555556
0.722222
0.611111
0.666667
0.666667
0.977778
0.611111
0.988889
0.633333
0.555556
1.14444
0.944444
0.611111
0.777778
0.577778
0.633333
0.922222
0.822222
0.977778
0.755556
0.677778
0.866667
0.533333
0.7
0.777778
0.666667
0.822222
0.688889
0.966667
1.03333
0.755556
0.644444
1.17778
0.7
0.877778
0.911111
0.533333
0.533333
0.622222
0.655556
0.777778
0.722222
0.477778
0.666667
0.733333
0.722222
1.07778
0.933333
0.688889
0.766667
0.611111
0.644444
0.744444
0.511111
0.888889
0.544444
0.644444
0.922222
0.833333
0.744444
0.933333
0.555556
0.588889
2.54444
0.888889
2.26667
0.722222
0.622222
3.22222
0.511111
0.866667
0.711111
0.933333
0.577778
0.644444
0.577778
1.01111
0.911111
0.733333
0.688889
0.766667
